45.70.112.0/24,"ASN 267561"
45.70.114.0/24,"ASN 267561"
2804:434c::/32,"ASN 267561"
