185.245.76.0/22,"Blocked AS204614"
