103.189.116.0/23,"Blocked AS149878"
