207.126.97.0/24,"Blocked AS40618"
