103.87.28.0/22,"ASN 136288"
103.154.26.0/24,"ASN 136288"
