43.255.68.0/22,"ASN 63581"
103.228.208.0/22,"ASN 63581"
219.232.64.0/21,"ASN 63581"
219.232.72.0/22,"ASN 63581"
219.232.76.0/23,"ASN 63581"
219.232.78.0/24,"ASN 63581"
219.232.80.0/23,"ASN 63581"
219.232.82.0/24,"ASN 63581"
219.232.85.0/24,"ASN 63581"
219.232.86.0/23,"ASN 63581"
219.232.88.0/22,"ASN 63581"
219.232.92.0/24,"ASN 63581"
219.232.94.0/23,"ASN 63581"
2401:cb80::/32,"ASN 63581"
