103.178.226.0/24,"ASN 149334"
103.218.166.0/23,"ASN 149334"
