80.88.3.0/24,"Blocked AS328194"
