8.242.80.0/24,"Blocked AS3549"
8.242.82.0/23,"Blocked AS3549"
8.242.84.0/22,"Blocked AS3549"
8.242.88.0/22,"Blocked AS3549"
8.242.120.0/23,"Blocked AS3549"
8.242.122.0/24,"Blocked AS3549"
8.242.124.0/22,"Blocked AS3549"
8.242.142.0/24,"Blocked AS3549"
8.242.144.0/20,"Blocked AS3549"
8.242.160.0/21,"Blocked AS3549"
8.242.168.0/24,"Blocked AS3549"
8.242.170.0/23,"Blocked AS3549"
8.242.172.0/22,"Blocked AS3549"
8.242.176.0/21,"Blocked AS3549"
8.242.184.0/24,"Blocked AS3549"
8.242.186.0/23,"Blocked AS3549"
8.242.188.0/24,"Blocked AS3549"
8.242.191.0/24,"Blocked AS3549"
8.242.192.0/22,"Blocked AS3549"
8.242.196.0/24,"Blocked AS3549"
8.242.198.0/23,"Blocked AS3549"
8.242.200.0/21,"Blocked AS3549"
8.242.208.0/21,"Blocked AS3549"
8.242.216.0/23,"Blocked AS3549"
8.242.220.0/23,"Blocked AS3549"
8.242.222.0/24,"Blocked AS3549"
8.242.224.0/23,"Blocked AS3549"
8.242.226.0/24,"Blocked AS3549"
8.242.229.0/24,"Blocked AS3549"
8.242.230.0/23,"Blocked AS3549"
8.242.232.0/21,"Blocked AS3549"
8.242.240.0/22,"Blocked AS3549"
35.248.0.0/20,"Blocked AS3549"
35.248.17.0/24,"Blocked AS3549"
35.248.19.0/24,"Blocked AS3549"
35.248.20.0/22,"Blocked AS3549"
35.248.24.0/22,"Blocked AS3549"
35.248.28.0/23,"Blocked AS3549"
35.248.31.0/24,"Blocked AS3549"
35.248.48.0/20,"Blocked AS3549"
35.248.64.0/18,"Blocked AS3549"
35.248.128.0/17,"Blocked AS3549"
35.249.0.0/16,"Blocked AS3549"
35.250.0.0/15,"Blocked AS3549"
35.252.0.0/14,"Blocked AS3549"
45.176.234.0/24,"Blocked AS3549"
45.185.16.0/22,"Blocked AS3549"
50.58.0.0/23,"Blocked AS3549"
50.58.2.0/24,"Blocked AS3549"
50.58.4.0/22,"Blocked AS3549"
50.58.12.0/23,"Blocked AS3549"
50.58.15.0/24,"Blocked AS3549"
50.58.18.0/23,"Blocked AS3549"
50.58.20.0/23,"Blocked AS3549"
50.58.22.0/24,"Blocked AS3549"
50.58.24.0/22,"Blocked AS3549"
50.58.28.0/23,"Blocked AS3549"
50.58.30.0/24,"Blocked AS3549"
50.58.32.0/21,"Blocked AS3549"
50.58.40.0/23,"Blocked AS3549"
50.58.42.0/24,"Blocked AS3549"
50.58.45.0/24,"Blocked AS3549"
50.58.46.0/23,"Blocked AS3549"
50.58.48.0/23,"Blocked AS3549"
50.58.51.0/24,"Blocked AS3549"
50.58.52.0/22,"Blocked AS3549"
50.58.56.0/23,"Blocked AS3549"
50.58.59.0/24,"Blocked AS3549"
50.58.60.0/22,"Blocked AS3549"
50.58.64.0/21,"Blocked AS3549"
50.58.72.0/23,"Blocked AS3549"
50.58.76.0/22,"Blocked AS3549"
50.58.80.0/24,"Blocked AS3549"
50.58.82.0/23,"Blocked AS3549"
50.58.84.0/22,"Blocked AS3549"
50.58.88.0/22,"Blocked AS3549"
50.58.92.0/24,"Blocked AS3549"
50.58.94.0/23,"Blocked AS3549"
50.58.96.0/21,"Blocked AS3549"
50.58.104.0/22,"Blocked AS3549"
50.58.114.0/24,"Blocked AS3549"
50.58.116.0/22,"Blocked AS3549"
50.58.123.0/24,"Blocked AS3549"
50.58.124.0/22,"Blocked AS3549"
50.58.128.0/23,"Blocked AS3549"
50.58.130.0/24,"Blocked AS3549"
50.58.132.0/23,"Blocked AS3549"
50.58.135.0/24,"Blocked AS3549"
50.58.136.0/23,"Blocked AS3549"
50.58.139.0/24,"Blocked AS3549"
50.58.140.0/23,"Blocked AS3549"
50.58.144.0/21,"Blocked AS3549"
50.58.152.0/23,"Blocked AS3549"
50.58.155.0/24,"Blocked AS3549"
50.58.156.0/22,"Blocked AS3549"
50.58.160.0/23,"Blocked AS3549"
50.58.164.0/22,"Blocked AS3549"
50.58.168.0/24,"Blocked AS3549"
50.58.170.0/23,"Blocked AS3549"
50.58.173.0/24,"Blocked AS3549"
50.58.174.0/23,"Blocked AS3549"
50.58.176.0/22,"Blocked AS3549"
50.58.181.0/24,"Blocked AS3549"
50.58.182.0/23,"Blocked AS3549"
50.58.184.0/22,"Blocked AS3549"
50.58.188.0/24,"Blocked AS3549"
50.58.192.0/23,"Blocked AS3549"
50.58.194.0/24,"Blocked AS3549"
50.58.196.0/24,"Blocked AS3549"
50.58.198.0/24,"Blocked AS3549"
50.58.200.0/21,"Blocked AS3549"
50.58.208.0/23,"Blocked AS3549"
50.58.211.0/24,"Blocked AS3549"
50.58.212.0/22,"Blocked AS3549"
50.58.216.0/23,"Blocked AS3549"
50.58.220.0/22,"Blocked AS3549"
50.58.224.0/22,"Blocked AS3549"
50.58.228.0/23,"Blocked AS3549"
50.58.232.0/22,"Blocked AS3549"
50.58.236.0/23,"Blocked AS3549"
50.58.238.0/24,"Blocked AS3549"
50.58.241.0/24,"Blocked AS3549"
50.58.242.0/23,"Blocked AS3549"
50.58.245.0/24,"Blocked AS3549"
50.58.246.0/23,"Blocked AS3549"
50.58.248.0/23,"Blocked AS3549"
50.58.251.0/24,"Blocked AS3549"
50.58.253.0/24,"Blocked AS3549"
50.58.254.0/23,"Blocked AS3549"
50.59.0.0/23,"Blocked AS3549"
50.59.2.0/24,"Blocked AS3549"
50.59.5.0/24,"Blocked AS3549"
50.59.6.0/23,"Blocked AS3549"
50.59.8.0/21,"Blocked AS3549"
50.59.16.0/22,"Blocked AS3549"
50.59.21.0/24,"Blocked AS3549"
50.59.22.0/23,"Blocked AS3549"
50.59.24.0/21,"Blocked AS3549"
50.59.32.0/22,"Blocked AS3549"
50.59.36.0/23,"Blocked AS3549"
50.59.38.0/24,"Blocked AS3549"
50.59.40.0/21,"Blocked AS3549"
50.59.48.0/21,"Blocked AS3549"
50.59.57.0/24,"Blocked AS3549"
50.59.59.0/24,"Blocked AS3549"
50.59.60.0/23,"Blocked AS3549"
50.59.63.0/24,"Blocked AS3549"
50.59.64.0/24,"Blocked AS3549"
50.59.66.0/23,"Blocked AS3549"
50.59.68.0/22,"Blocked AS3549"
50.59.73.0/24,"Blocked AS3549"
50.59.74.0/23,"Blocked AS3549"
50.59.76.0/22,"Blocked AS3549"
50.59.80.0/23,"Blocked AS3549"
50.59.83.0/24,"Blocked AS3549"
50.59.85.0/24,"Blocked AS3549"
50.59.86.0/23,"Blocked AS3549"
50.59.88.0/22,"Blocked AS3549"
50.59.92.0/23,"Blocked AS3549"
50.59.95.0/24,"Blocked AS3549"
50.59.96.0/22,"Blocked AS3549"
50.59.100.0/24,"Blocked AS3549"
50.59.102.0/23,"Blocked AS3549"
50.59.104.0/24,"Blocked AS3549"
50.59.106.0/23,"Blocked AS3549"
50.59.109.0/24,"Blocked AS3549"
50.59.110.0/23,"Blocked AS3549"
50.59.112.0/23,"Blocked AS3549"
50.59.116.0/23,"Blocked AS3549"
50.59.120.0/21,"Blocked AS3549"
50.59.128.0/23,"Blocked AS3549"
50.59.131.0/24,"Blocked AS3549"
50.59.132.0/24,"Blocked AS3549"
50.59.134.0/23,"Blocked AS3549"
50.59.136.0/21,"Blocked AS3549"
50.59.144.0/24,"Blocked AS3549"
50.59.148.0/22,"Blocked AS3549"
50.59.154.0/23,"Blocked AS3549"
50.59.156.0/23,"Blocked AS3549"
50.59.158.0/24,"Blocked AS3549"
50.59.160.0/22,"Blocked AS3549"
50.59.164.0/24,"Blocked AS3549"
50.59.166.0/24,"Blocked AS3549"
50.59.168.0/21,"Blocked AS3549"
50.59.176.0/24,"Blocked AS3549"
50.59.178.0/23,"Blocked AS3549"
50.59.180.0/22,"Blocked AS3549"
50.59.184.0/23,"Blocked AS3549"
50.59.187.0/24,"Blocked AS3549"
50.59.188.0/22,"Blocked AS3549"
50.59.192.0/21,"Blocked AS3549"
50.59.200.0/22,"Blocked AS3549"
50.59.204.0/23,"Blocked AS3549"
50.59.207.0/24,"Blocked AS3549"
50.59.208.0/22,"Blocked AS3549"
50.59.212.0/24,"Blocked AS3549"
50.59.214.0/23,"Blocked AS3549"
50.59.218.0/23,"Blocked AS3549"
50.59.220.0/22,"Blocked AS3549"
50.59.225.0/24,"Blocked AS3549"
50.59.226.0/23,"Blocked AS3549"
50.59.228.0/22,"Blocked AS3549"
50.59.234.0/23,"Blocked AS3549"
50.59.236.0/22,"Blocked AS3549"
50.59.244.0/22,"Blocked AS3549"
50.59.248.0/21,"Blocked AS3549"
64.27.32.0/22,"Blocked AS3549"
64.27.36.0/23,"Blocked AS3549"
64.27.38.0/24,"Blocked AS3549"
64.27.44.0/22,"Blocked AS3549"
64.76.0.0/19,"Blocked AS3549"
64.76.32.0/20,"Blocked AS3549"
64.76.48.0/22,"Blocked AS3549"
64.76.53.0/24,"Blocked AS3549"
64.76.54.0/24,"Blocked AS3549"
64.76.56.0/21,"Blocked AS3549"
64.76.64.0/19,"Blocked AS3549"
64.76.97.0/24,"Blocked AS3549"
64.76.98.0/23,"Blocked AS3549"
64.76.100.0/22,"Blocked AS3549"
64.76.104.0/21,"Blocked AS3549"
64.76.112.0/20,"Blocked AS3549"
64.76.128.0/22,"Blocked AS3549"
64.76.132.0/23,"Blocked AS3549"
64.76.134.0/24,"Blocked AS3549"
64.76.136.0/21,"Blocked AS3549"
64.76.144.0/23,"Blocked AS3549"
64.76.146.0/24,"Blocked AS3549"
64.76.150.0/23,"Blocked AS3549"
64.76.152.0/23,"Blocked AS3549"
64.76.157.0/24,"Blocked AS3549"
64.76.158.0/23,"Blocked AS3549"
64.76.160.0/21,"Blocked AS3549"
64.76.168.0/23,"Blocked AS3549"
64.76.171.0/24,"Blocked AS3549"
64.76.172.0/22,"Blocked AS3549"
64.76.176.0/20,"Blocked AS3549"
64.76.192.0/22,"Blocked AS3549"
64.76.197.0/24,"Blocked AS3549"
64.76.198.0/23,"Blocked AS3549"
64.76.200.0/21,"Blocked AS3549"
64.76.208.0/20,"Blocked AS3549"
64.76.224.0/21,"Blocked AS3549"
64.76.232.0/24,"Blocked AS3549"
64.76.234.0/24,"Blocked AS3549"
64.76.236.0/22,"Blocked AS3549"
64.76.240.0/24,"Blocked AS3549"
64.76.242.0/24,"Blocked AS3549"
64.128.0.0/21,"Blocked AS3549"
64.128.8.0/22,"Blocked AS3549"
64.128.12.0/23,"Blocked AS3549"
64.128.15.0/24,"Blocked AS3549"
64.128.16.0/21,"Blocked AS3549"
64.128.24.0/22,"Blocked AS3549"
64.128.30.0/23,"Blocked AS3549"
64.128.32.0/20,"Blocked AS3549"
64.128.52.0/22,"Blocked AS3549"
64.128.56.0/22,"Blocked AS3549"
64.128.60.0/23,"Blocked AS3549"
64.128.64.0/22,"Blocked AS3549"
64.128.69.0/24,"Blocked AS3549"
64.128.71.0/24,"Blocked AS3549"
64.128.72.0/22,"Blocked AS3549"
64.128.76.0/23,"Blocked AS3549"
64.128.78.0/24,"Blocked AS3549"
64.128.80.0/21,"Blocked AS3549"
64.128.88.0/22,"Blocked AS3549"
64.128.92.0/23,"Blocked AS3549"
64.128.94.0/24,"Blocked AS3549"
64.128.96.0/22,"Blocked AS3549"
64.128.102.0/23,"Blocked AS3549"
64.128.104.0/24,"Blocked AS3549"
64.128.106.0/23,"Blocked AS3549"
64.128.108.0/22,"Blocked AS3549"
64.128.112.0/23,"Blocked AS3549"
64.128.115.0/24,"Blocked AS3549"
64.128.118.0/23,"Blocked AS3549"
64.128.120.0/22,"Blocked AS3549"
64.128.124.0/23,"Blocked AS3549"
64.128.127.0/24,"Blocked AS3549"
64.128.128.0/21,"Blocked AS3549"
64.128.136.0/22,"Blocked AS3549"
64.128.140.0/23,"Blocked AS3549"
64.128.144.0/20,"Blocked AS3549"
64.128.160.0/22,"Blocked AS3549"
64.128.166.0/24,"Blocked AS3549"
64.128.168.0/21,"Blocked AS3549"
64.128.176.0/23,"Blocked AS3549"
64.128.179.0/24,"Blocked AS3549"
64.128.181.0/24,"Blocked AS3549"
64.128.182.0/23,"Blocked AS3549"
64.128.184.0/22,"Blocked AS3549"
64.128.188.0/23,"Blocked AS3549"
64.128.192.0/20,"Blocked AS3549"
64.128.208.0/24,"Blocked AS3549"
64.128.210.0/23,"Blocked AS3549"
64.128.212.0/22,"Blocked AS3549"
64.128.217.0/24,"Blocked AS3549"
64.128.218.0/23,"Blocked AS3549"
64.128.220.0/22,"Blocked AS3549"
64.128.224.0/23,"Blocked AS3549"
64.128.227.0/24,"Blocked AS3549"
64.128.228.0/22,"Blocked AS3549"
64.128.232.0/21,"Blocked AS3549"
64.128.240.0/21,"Blocked AS3549"
64.128.248.0/23,"Blocked AS3549"
64.128.250.0/24,"Blocked AS3549"
64.128.254.0/23,"Blocked AS3549"
64.129.0.0/20,"Blocked AS3549"
64.129.16.0/24,"Blocked AS3549"
64.129.18.0/23,"Blocked AS3549"
64.129.20.0/23,"Blocked AS3549"
64.129.22.0/24,"Blocked AS3549"
64.129.24.0/21,"Blocked AS3549"
64.129.32.0/22,"Blocked AS3549"
64.129.36.0/24,"Blocked AS3549"
64.129.38.0/24,"Blocked AS3549"
64.129.40.0/21,"Blocked AS3549"
64.129.48.0/22,"Blocked AS3549"
64.129.53.0/24,"Blocked AS3549"
64.129.54.0/23,"Blocked AS3549"
64.129.56.0/21,"Blocked AS3549"
64.129.64.0/21,"Blocked AS3549"
64.129.72.0/22,"Blocked AS3549"
64.129.76.0/24,"Blocked AS3549"
64.129.79.0/24,"Blocked AS3549"
64.129.80.0/23,"Blocked AS3549"
64.129.84.0/23,"Blocked AS3549"
64.129.87.0/24,"Blocked AS3549"
64.129.88.0/21,"Blocked AS3549"
64.129.96.0/21,"Blocked AS3549"
64.129.104.0/24,"Blocked AS3549"
64.129.106.0/24,"Blocked AS3549"
64.129.108.0/22,"Blocked AS3549"
64.129.112.0/21,"Blocked AS3549"
64.129.122.0/24,"Blocked AS3549"
64.129.124.0/22,"Blocked AS3549"
64.129.128.0/21,"Blocked AS3549"
64.129.136.0/22,"Blocked AS3549"
64.129.140.0/23,"Blocked AS3549"
64.129.143.0/24,"Blocked AS3549"
64.129.145.0/24,"Blocked AS3549"
64.129.146.0/23,"Blocked AS3549"
64.129.148.0/22,"Blocked AS3549"
64.129.152.0/24,"Blocked AS3549"
64.129.154.0/23,"Blocked AS3549"
64.129.156.0/23,"Blocked AS3549"
64.129.159.0/24,"Blocked AS3549"
64.129.160.0/23,"Blocked AS3549"
64.129.163.0/24,"Blocked AS3549"
64.129.164.0/22,"Blocked AS3549"
64.129.168.0/22,"Blocked AS3549"
64.129.172.0/23,"Blocked AS3549"
64.129.174.0/24,"Blocked AS3549"
64.129.176.0/22,"Blocked AS3549"
64.129.181.0/24,"Blocked AS3549"
64.129.182.0/23,"Blocked AS3549"
64.129.184.0/22,"Blocked AS3549"
64.129.189.0/24,"Blocked AS3549"
64.129.191.0/24,"Blocked AS3549"
64.129.194.0/23,"Blocked AS3549"
64.129.196.0/22,"Blocked AS3549"
64.129.200.0/21,"Blocked AS3549"
64.129.208.0/23,"Blocked AS3549"
64.129.210.0/24,"Blocked AS3549"
64.129.212.0/22,"Blocked AS3549"
64.129.216.0/21,"Blocked AS3549"
64.129.224.0/23,"Blocked AS3549"
64.129.226.0/24,"Blocked AS3549"
64.129.229.0/24,"Blocked AS3549"
64.129.230.0/23,"Blocked AS3549"
64.129.232.0/21,"Blocked AS3549"
64.129.240.0/20,"Blocked AS3549"
64.132.1.0/24,"Blocked AS3549"
64.132.2.0/23,"Blocked AS3549"
64.132.8.0/24,"Blocked AS3549"
64.132.10.0/23,"Blocked AS3549"
64.132.12.0/22,"Blocked AS3549"
64.132.17.0/24,"Blocked AS3549"
64.132.18.0/23,"Blocked AS3549"
64.132.24.0/22,"Blocked AS3549"
64.132.28.0/23,"Blocked AS3549"
64.132.30.0/24,"Blocked AS3549"
64.132.32.0/21,"Blocked AS3549"
64.132.41.0/24,"Blocked AS3549"
64.132.42.0/23,"Blocked AS3549"
64.132.45.0/24,"Blocked AS3549"
64.132.46.0/23,"Blocked AS3549"
64.132.48.0/23,"Blocked AS3549"
64.132.51.0/24,"Blocked AS3549"
64.132.52.0/24,"Blocked AS3549"
64.132.54.0/24,"Blocked AS3549"
64.132.56.0/21,"Blocked AS3549"
64.132.64.0/20,"Blocked AS3549"
64.132.80.0/22,"Blocked AS3549"
64.132.85.0/24,"Blocked AS3549"
64.132.86.0/23,"Blocked AS3549"
64.132.93.0/24,"Blocked AS3549"
64.132.94.0/23,"Blocked AS3549"
64.132.96.0/24,"Blocked AS3549"
64.132.99.0/24,"Blocked AS3549"
64.132.100.0/22,"Blocked AS3549"
64.132.104.0/22,"Blocked AS3549"
64.132.108.0/23,"Blocked AS3549"
64.132.110.0/24,"Blocked AS3549"
64.132.112.0/22,"Blocked AS3549"
64.132.116.0/23,"Blocked AS3549"
64.132.119.0/24,"Blocked AS3549"
64.132.120.0/23,"Blocked AS3549"
64.132.124.0/22,"Blocked AS3549"
64.132.129.0/24,"Blocked AS3549"
64.132.130.0/23,"Blocked AS3549"
64.132.132.0/22,"Blocked AS3549"
64.132.138.0/23,"Blocked AS3549"
64.132.140.0/24,"Blocked AS3549"
64.132.142.0/23,"Blocked AS3549"
64.132.144.0/21,"Blocked AS3549"
64.132.152.0/22,"Blocked AS3549"
64.132.156.0/23,"Blocked AS3549"
64.132.158.0/24,"Blocked AS3549"
64.132.160.0/20,"Blocked AS3549"
64.132.176.0/23,"Blocked AS3549"
64.132.180.0/22,"Blocked AS3549"
64.132.184.0/21,"Blocked AS3549"
64.132.192.0/22,"Blocked AS3549"
64.132.197.0/24,"Blocked AS3549"
64.132.198.0/24,"Blocked AS3549"
64.132.200.0/23,"Blocked AS3549"
64.132.203.0/24,"Blocked AS3549"
64.132.204.0/22,"Blocked AS3549"
64.132.208.0/21,"Blocked AS3549"
64.132.216.0/23,"Blocked AS3549"
64.132.218.0/24,"Blocked AS3549"
64.132.220.0/23,"Blocked AS3549"
64.132.222.0/24,"Blocked AS3549"
64.132.224.0/19,"Blocked AS3549"
64.140.8.0/21,"Blocked AS3549"
64.208.0.0/21,"Blocked AS3549"
64.208.8.0/23,"Blocked AS3549"
64.208.10.0/24,"Blocked AS3549"
64.208.12.0/22,"Blocked AS3549"
64.208.16.0/22,"Blocked AS3549"
64.208.20.0/24,"Blocked AS3549"
64.208.22.0/23,"Blocked AS3549"
64.208.24.0/21,"Blocked AS3549"
64.208.32.0/21,"Blocked AS3549"
64.208.40.0/24,"Blocked AS3549"
64.208.42.0/23,"Blocked AS3549"
64.208.44.0/22,"Blocked AS3549"
64.208.48.0/23,"Blocked AS3549"
64.208.50.0/24,"Blocked AS3549"
64.208.52.0/22,"Blocked AS3549"
64.208.56.0/22,"Blocked AS3549"
64.208.64.0/20,"Blocked AS3549"
64.208.80.0/21,"Blocked AS3549"
64.208.88.0/23,"Blocked AS3549"
64.208.92.0/22,"Blocked AS3549"
64.208.96.0/22,"Blocked AS3549"
64.208.100.0/23,"Blocked AS3549"
64.208.103.0/24,"Blocked AS3549"
64.208.106.0/23,"Blocked AS3549"
64.208.108.0/22,"Blocked AS3549"
64.208.112.0/22,"Blocked AS3549"
64.208.117.0/24,"Blocked AS3549"
64.208.118.0/23,"Blocked AS3549"
64.208.120.0/22,"Blocked AS3549"
64.208.124.0/23,"Blocked AS3549"
64.208.126.0/24,"Blocked AS3549"
64.208.128.0/21,"Blocked AS3549"
64.208.142.0/23,"Blocked AS3549"
64.208.148.0/22,"Blocked AS3549"
64.208.152.0/21,"Blocked AS3549"
64.208.161.0/24,"Blocked AS3549"
64.208.162.0/24,"Blocked AS3549"
64.208.164.0/22,"Blocked AS3549"
64.208.168.0/21,"Blocked AS3549"
64.208.176.0/21,"Blocked AS3549"
64.208.184.0/24,"Blocked AS3549"
64.208.186.0/23,"Blocked AS3549"
64.208.188.0/22,"Blocked AS3549"
64.208.192.0/21,"Blocked AS3549"
64.208.200.0/22,"Blocked AS3549"
64.208.205.0/24,"Blocked AS3549"
64.208.206.0/23,"Blocked AS3549"
64.208.208.0/20,"Blocked AS3549"
64.208.224.0/22,"Blocked AS3549"
64.208.228.0/24,"Blocked AS3549"
64.208.230.0/23,"Blocked AS3549"
64.208.232.0/21,"Blocked AS3549"
64.208.240.0/21,"Blocked AS3549"
64.208.248.0/23,"Blocked AS3549"
64.208.251.0/24,"Blocked AS3549"
64.208.252.0/22,"Blocked AS3549"
64.209.0.0/21,"Blocked AS3549"
64.209.8.0/24,"Blocked AS3549"
64.209.10.0/23,"Blocked AS3549"
64.209.12.0/22,"Blocked AS3549"
64.209.16.0/21,"Blocked AS3549"
64.209.24.0/22,"Blocked AS3549"
64.209.28.0/23,"Blocked AS3549"
64.209.32.0/21,"Blocked AS3549"
64.209.40.0/23,"Blocked AS3549"
64.209.43.0/24,"Blocked AS3549"
64.209.44.0/22,"Blocked AS3549"
64.209.48.0/24,"Blocked AS3549"
64.209.52.0/22,"Blocked AS3549"
64.209.64.0/22,"Blocked AS3549"
64.209.72.0/21,"Blocked AS3549"
64.209.80.0/21,"Blocked AS3549"
64.209.88.0/24,"Blocked AS3549"
64.209.90.0/23,"Blocked AS3549"
64.209.92.0/22,"Blocked AS3549"
64.209.96.0/20,"Blocked AS3549"
64.209.112.0/23,"Blocked AS3549"
64.209.114.0/24,"Blocked AS3549"
64.209.116.0/22,"Blocked AS3549"
64.209.120.0/21,"Blocked AS3549"
64.210.0.0/24,"Blocked AS3549"
64.210.2.0/23,"Blocked AS3549"
64.210.4.0/22,"Blocked AS3549"
64.210.8.0/21,"Blocked AS3549"
64.210.16.0/21,"Blocked AS3549"
64.210.24.0/23,"Blocked AS3549"
64.210.27.0/24,"Blocked AS3549"
64.210.28.0/22,"Blocked AS3549"
64.210.32.0/21,"Blocked AS3549"
64.210.48.0/22,"Blocked AS3549"
64.210.65.0/24,"Blocked AS3549"
64.210.66.0/23,"Blocked AS3549"
64.210.68.0/22,"Blocked AS3549"
64.210.72.0/21,"Blocked AS3549"
64.210.80.0/20,"Blocked AS3549"
64.210.96.0/19,"Blocked AS3549"
64.211.0.0/20,"Blocked AS3549"
64.211.16.0/21,"Blocked AS3549"
64.211.24.0/22,"Blocked AS3549"
64.211.28.0/23,"Blocked AS3549"
64.211.32.0/20,"Blocked AS3549"
64.211.48.0/21,"Blocked AS3549"
64.211.56.0/23,"Blocked AS3549"
64.211.59.0/24,"Blocked AS3549"
64.211.60.0/22,"Blocked AS3549"
64.211.64.0/20,"Blocked AS3549"
64.211.80.0/21,"Blocked AS3549"
64.211.88.0/22,"Blocked AS3549"
64.211.92.0/23,"Blocked AS3549"
64.211.95.0/24,"Blocked AS3549"
64.211.96.0/21,"Blocked AS3549"
64.211.104.0/22,"Blocked AS3549"
64.211.109.0/24,"Blocked AS3549"
64.211.110.0/23,"Blocked AS3549"
64.211.120.0/21,"Blocked AS3549"
64.211.128.0/20,"Blocked AS3549"
64.211.145.0/24,"Blocked AS3549"
64.211.146.0/23,"Blocked AS3549"
64.211.149.0/24,"Blocked AS3549"
64.211.150.0/23,"Blocked AS3549"
64.211.152.0/21,"Blocked AS3549"
64.211.160.0/20,"Blocked AS3549"
64.211.176.0/23,"Blocked AS3549"
64.211.178.0/24,"Blocked AS3549"
64.211.180.0/22,"Blocked AS3549"
64.211.184.0/21,"Blocked AS3549"
64.211.192.0/20,"Blocked AS3549"
64.211.208.0/23,"Blocked AS3549"
64.211.211.0/24,"Blocked AS3549"
64.211.216.0/22,"Blocked AS3549"
64.211.222.0/23,"Blocked AS3549"
64.212.0.0/19,"Blocked AS3549"
64.212.32.0/20,"Blocked AS3549"
64.212.48.0/21,"Blocked AS3549"
64.212.56.0/22,"Blocked AS3549"
64.212.60.0/24,"Blocked AS3549"
64.212.62.0/24,"Blocked AS3549"
64.212.64.0/20,"Blocked AS3549"
64.212.80.0/23,"Blocked AS3549"
64.212.84.0/22,"Blocked AS3549"
64.212.88.0/21,"Blocked AS3549"
64.212.96.0/20,"Blocked AS3549"
64.212.112.0/22,"Blocked AS3549"
64.212.117.0/24,"Blocked AS3549"
64.212.118.0/23,"Blocked AS3549"
64.212.120.0/21,"Blocked AS3549"
64.212.128.0/18,"Blocked AS3549"
64.212.192.0/20,"Blocked AS3549"
64.212.209.0/24,"Blocked AS3549"
64.212.210.0/23,"Blocked AS3549"
64.212.212.0/22,"Blocked AS3549"
64.212.216.0/24,"Blocked AS3549"
64.212.218.0/23,"Blocked AS3549"
64.212.220.0/22,"Blocked AS3549"
64.212.224.0/19,"Blocked AS3549"
64.213.0.0/19,"Blocked AS3549"
64.213.33.0/24,"Blocked AS3549"
64.213.34.0/23,"Blocked AS3549"
64.213.36.0/24,"Blocked AS3549"
64.213.38.0/23,"Blocked AS3549"
64.213.40.0/21,"Blocked AS3549"
64.213.50.0/23,"Blocked AS3549"
64.213.52.0/22,"Blocked AS3549"
64.213.64.0/18,"Blocked AS3549"
64.213.128.0/23,"Blocked AS3549"
64.213.131.0/24,"Blocked AS3549"
64.213.132.0/23,"Blocked AS3549"
64.213.135.0/24,"Blocked AS3549"
64.213.136.0/21,"Blocked AS3549"
64.213.144.0/22,"Blocked AS3549"
64.213.149.0/24,"Blocked AS3549"
64.213.150.0/23,"Blocked AS3549"
64.213.152.0/21,"Blocked AS3549"
64.213.160.0/19,"Blocked AS3549"
64.213.192.0/20,"Blocked AS3549"
64.213.209.0/24,"Blocked AS3549"
64.213.210.0/23,"Blocked AS3549"
64.213.212.0/22,"Blocked AS3549"
64.214.0.0/19,"Blocked AS3549"
64.214.32.0/20,"Blocked AS3549"
64.214.48.0/21,"Blocked AS3549"
64.214.56.0/24,"Blocked AS3549"
64.214.59.0/24,"Blocked AS3549"
64.214.60.0/22,"Blocked AS3549"
64.214.64.0/23,"Blocked AS3549"
64.214.66.0/24,"Blocked AS3549"
64.214.68.0/23,"Blocked AS3549"
64.214.70.0/24,"Blocked AS3549"
64.214.72.0/21,"Blocked AS3549"
64.214.80.0/22,"Blocked AS3549"
64.214.84.0/24,"Blocked AS3549"
64.214.86.0/23,"Blocked AS3549"
64.214.92.0/24,"Blocked AS3549"
64.214.94.0/23,"Blocked AS3549"
64.214.96.0/19,"Blocked AS3549"
64.214.128.0/22,"Blocked AS3549"
64.214.133.0/24,"Blocked AS3549"
64.214.134.0/23,"Blocked AS3549"
64.214.136.0/21,"Blocked AS3549"
64.214.144.0/20,"Blocked AS3549"
64.214.161.0/24,"Blocked AS3549"
64.214.162.0/23,"Blocked AS3549"
64.214.164.0/22,"Blocked AS3549"
64.214.168.0/21,"Blocked AS3549"
64.214.176.0/21,"Blocked AS3549"
64.214.192.0/20,"Blocked AS3549"
64.214.208.0/24,"Blocked AS3549"
64.214.210.0/23,"Blocked AS3549"
64.214.212.0/23,"Blocked AS3549"
64.214.215.0/24,"Blocked AS3549"
64.214.216.0/21,"Blocked AS3549"
64.214.224.0/19,"Blocked AS3549"
64.215.0.0/22,"Blocked AS3549"
64.215.4.0/23,"Blocked AS3549"
64.215.6.0/24,"Blocked AS3549"
64.215.8.0/21,"Blocked AS3549"
64.215.16.0/22,"Blocked AS3549"
64.215.20.0/23,"Blocked AS3549"
64.215.23.0/24,"Blocked AS3549"
64.215.24.0/21,"Blocked AS3549"
64.215.32.0/22,"Blocked AS3549"
64.215.36.0/23,"Blocked AS3549"
64.215.39.0/24,"Blocked AS3549"
64.215.40.0/21,"Blocked AS3549"
64.215.48.0/20,"Blocked AS3549"
64.215.64.0/20,"Blocked AS3549"
64.215.80.0/22,"Blocked AS3549"
64.215.84.0/24,"Blocked AS3549"
64.215.86.0/23,"Blocked AS3549"
64.215.88.0/21,"Blocked AS3549"
64.215.96.0/20,"Blocked AS3549"
64.215.112.0/21,"Blocked AS3549"
64.215.128.0/20,"Blocked AS3549"
64.215.144.0/23,"Blocked AS3549"
64.215.147.0/24,"Blocked AS3549"
64.215.148.0/22,"Blocked AS3549"
64.215.152.0/21,"Blocked AS3549"
64.215.162.0/23,"Blocked AS3549"
64.215.164.0/22,"Blocked AS3549"
64.215.168.0/22,"Blocked AS3549"
64.215.172.0/23,"Blocked AS3549"
64.215.174.0/24,"Blocked AS3549"
64.215.176.0/21,"Blocked AS3549"
64.215.184.0/22,"Blocked AS3549"
64.215.189.0/24,"Blocked AS3549"
64.215.190.0/23,"Blocked AS3549"
64.215.192.0/21,"Blocked AS3549"
64.215.202.0/24,"Blocked AS3549"
64.215.204.0/23,"Blocked AS3549"
64.215.206.0/24,"Blocked AS3549"
64.215.208.0/22,"Blocked AS3549"
64.215.213.0/24,"Blocked AS3549"
64.215.214.0/23,"Blocked AS3549"
64.215.216.0/22,"Blocked AS3549"
64.215.220.0/24,"Blocked AS3549"
64.215.222.0/23,"Blocked AS3549"
64.215.224.0/21,"Blocked AS3549"
64.215.232.0/24,"Blocked AS3549"
64.215.234.0/23,"Blocked AS3549"
64.215.238.0/23,"Blocked AS3549"
64.215.240.0/23,"Blocked AS3549"
64.215.244.0/22,"Blocked AS3549"
64.215.248.0/24,"Blocked AS3549"
64.215.252.0/22,"Blocked AS3549"
65.243.56.0/22,"Blocked AS3549"
66.55.0.0/20,"Blocked AS3549"
66.55.16.0/23,"Blocked AS3549"
66.55.20.0/22,"Blocked AS3549"
66.55.24.0/21,"Blocked AS3549"
66.55.32.0/19,"Blocked AS3549"
66.162.0.0/23,"Blocked AS3549"
66.162.3.0/24,"Blocked AS3549"
66.162.4.0/22,"Blocked AS3549"
66.162.8.0/24,"Blocked AS3549"
66.162.10.0/23,"Blocked AS3549"
66.162.12.0/22,"Blocked AS3549"
66.162.16.0/20,"Blocked AS3549"
66.162.32.0/20,"Blocked AS3549"
66.162.48.0/24,"Blocked AS3549"
66.162.50.0/23,"Blocked AS3549"
66.162.54.0/23,"Blocked AS3549"
66.162.57.0/24,"Blocked AS3549"
66.162.58.0/23,"Blocked AS3549"
66.162.60.0/22,"Blocked AS3549"
66.162.64.0/22,"Blocked AS3549"
66.162.68.0/23,"Blocked AS3549"
66.162.70.0/24,"Blocked AS3549"
66.162.72.0/21,"Blocked AS3549"
66.162.80.0/22,"Blocked AS3549"
66.162.84.0/23,"Blocked AS3549"
66.162.86.0/24,"Blocked AS3549"
66.162.88.0/21,"Blocked AS3549"
66.162.96.0/19,"Blocked AS3549"
66.162.128.0/21,"Blocked AS3549"
66.162.136.0/22,"Blocked AS3549"
66.162.140.0/23,"Blocked AS3549"
66.162.143.0/24,"Blocked AS3549"
66.162.144.0/20,"Blocked AS3549"
66.162.160.0/23,"Blocked AS3549"
66.162.162.0/24,"Blocked AS3549"
66.162.164.0/22,"Blocked AS3549"
66.162.168.0/21,"Blocked AS3549"
66.162.176.0/21,"Blocked AS3549"
66.162.185.0/24,"Blocked AS3549"
66.162.186.0/23,"Blocked AS3549"
66.162.188.0/22,"Blocked AS3549"
66.162.192.0/20,"Blocked AS3549"
66.162.209.0/24,"Blocked AS3549"
66.162.210.0/23,"Blocked AS3549"
66.162.212.0/22,"Blocked AS3549"
66.162.216.0/21,"Blocked AS3549"
66.162.224.0/22,"Blocked AS3549"
66.162.229.0/24,"Blocked AS3549"
66.162.230.0/23,"Blocked AS3549"
66.162.232.0/22,"Blocked AS3549"
66.162.237.0/24,"Blocked AS3549"
66.162.238.0/23,"Blocked AS3549"
66.162.240.0/21,"Blocked AS3549"
66.162.248.0/22,"Blocked AS3549"
66.162.253.0/24,"Blocked AS3549"
66.162.255.0/24,"Blocked AS3549"
66.192.0.0/21,"Blocked AS3549"
66.192.8.0/22,"Blocked AS3549"
66.192.12.0/24,"Blocked AS3549"
66.192.15.0/24,"Blocked AS3549"
66.192.16.0/21,"Blocked AS3549"
66.192.24.0/24,"Blocked AS3549"
66.192.26.0/23,"Blocked AS3549"
66.192.28.0/23,"Blocked AS3549"
66.192.32.0/20,"Blocked AS3549"
66.192.56.0/22,"Blocked AS3549"
66.192.60.0/23,"Blocked AS3549"
66.192.62.0/24,"Blocked AS3549"
66.192.64.0/21,"Blocked AS3549"
66.192.72.0/24,"Blocked AS3549"
66.192.74.0/24,"Blocked AS3549"
66.192.76.0/22,"Blocked AS3549"
66.192.80.0/21,"Blocked AS3549"
66.192.88.0/24,"Blocked AS3549"
66.192.91.0/24,"Blocked AS3549"
66.192.92.0/22,"Blocked AS3549"
66.192.98.0/23,"Blocked AS3549"
66.192.101.0/24,"Blocked AS3549"
66.192.102.0/23,"Blocked AS3549"
66.192.105.0/24,"Blocked AS3549"
66.192.106.0/23,"Blocked AS3549"
66.192.108.0/22,"Blocked AS3549"
66.192.112.0/21,"Blocked AS3549"
66.192.120.0/23,"Blocked AS3549"
66.192.124.0/22,"Blocked AS3549"
66.192.128.0/19,"Blocked AS3549"
66.192.160.0/21,"Blocked AS3549"
66.192.168.0/22,"Blocked AS3549"
66.192.172.0/24,"Blocked AS3549"
66.192.174.0/23,"Blocked AS3549"
66.192.176.0/21,"Blocked AS3549"
66.192.184.0/24,"Blocked AS3549"
66.192.186.0/23,"Blocked AS3549"
66.192.188.0/22,"Blocked AS3549"
66.192.192.0/23,"Blocked AS3549"
66.192.196.0/24,"Blocked AS3549"
66.192.198.0/23,"Blocked AS3549"
66.192.200.0/24,"Blocked AS3549"
66.192.202.0/23,"Blocked AS3549"
66.192.206.0/23,"Blocked AS3549"
66.192.208.0/23,"Blocked AS3549"
66.192.211.0/24,"Blocked AS3549"
66.192.212.0/23,"Blocked AS3549"
66.192.215.0/24,"Blocked AS3549"
66.192.217.0/24,"Blocked AS3549"
66.192.218.0/23,"Blocked AS3549"
66.192.220.0/22,"Blocked AS3549"
66.192.225.0/24,"Blocked AS3549"
66.192.226.0/23,"Blocked AS3549"
66.192.228.0/22,"Blocked AS3549"
66.192.232.0/24,"Blocked AS3549"
66.192.234.0/23,"Blocked AS3549"
66.192.236.0/22,"Blocked AS3549"
66.192.240.0/20,"Blocked AS3549"
66.193.0.0/23,"Blocked AS3549"
66.193.4.0/23,"Blocked AS3549"
66.193.7.0/24,"Blocked AS3549"
66.193.16.0/22,"Blocked AS3549"
66.193.20.0/23,"Blocked AS3549"
66.193.22.0/24,"Blocked AS3549"
66.193.24.0/21,"Blocked AS3549"
66.193.32.0/22,"Blocked AS3549"
66.193.37.0/24,"Blocked AS3549"
66.193.39.0/24,"Blocked AS3549"
66.193.40.0/21,"Blocked AS3549"
66.193.48.0/22,"Blocked AS3549"
66.193.53.0/24,"Blocked AS3549"
66.193.55.0/24,"Blocked AS3549"
66.193.57.0/24,"Blocked AS3549"
66.193.58.0/23,"Blocked AS3549"
66.193.60.0/22,"Blocked AS3549"
66.193.64.0/22,"Blocked AS3549"
66.193.68.0/24,"Blocked AS3549"
66.193.70.0/23,"Blocked AS3549"
66.193.72.0/21,"Blocked AS3549"
66.193.80.0/21,"Blocked AS3549"
66.193.92.0/24,"Blocked AS3549"
66.193.94.0/23,"Blocked AS3549"
66.193.96.0/24,"Blocked AS3549"
66.193.98.0/23,"Blocked AS3549"
66.193.100.0/23,"Blocked AS3549"
66.193.102.0/24,"Blocked AS3549"
66.193.105.0/24,"Blocked AS3549"
66.193.106.0/24,"Blocked AS3549"
66.193.108.0/22,"Blocked AS3549"
66.193.112.0/23,"Blocked AS3549"
66.193.114.0/24,"Blocked AS3549"
66.193.116.0/22,"Blocked AS3549"
66.193.120.0/23,"Blocked AS3549"
66.193.122.0/24,"Blocked AS3549"
66.193.124.0/23,"Blocked AS3549"
66.193.127.0/24,"Blocked AS3549"
66.193.132.0/22,"Blocked AS3549"
66.193.136.0/21,"Blocked AS3549"
66.193.144.0/20,"Blocked AS3549"
66.193.162.0/23,"Blocked AS3549"
66.193.164.0/22,"Blocked AS3549"
66.193.168.0/21,"Blocked AS3549"
66.193.176.0/21,"Blocked AS3549"
66.193.184.0/24,"Blocked AS3549"
66.193.186.0/23,"Blocked AS3549"
66.193.188.0/22,"Blocked AS3549"
66.193.192.0/21,"Blocked AS3549"
66.193.200.0/22,"Blocked AS3549"
66.193.204.0/23,"Blocked AS3549"
66.193.208.0/22,"Blocked AS3549"
66.193.212.0/24,"Blocked AS3549"
66.193.214.0/23,"Blocked AS3549"
66.193.216.0/23,"Blocked AS3549"
66.193.220.0/22,"Blocked AS3549"
66.193.224.0/22,"Blocked AS3549"
66.193.230.0/23,"Blocked AS3549"
66.193.232.0/22,"Blocked AS3549"
66.193.236.0/24,"Blocked AS3549"
66.193.238.0/23,"Blocked AS3549"
66.193.241.0/24,"Blocked AS3549"
66.193.242.0/23,"Blocked AS3549"
66.193.244.0/22,"Blocked AS3549"
66.193.248.0/24,"Blocked AS3549"
66.193.251.0/24,"Blocked AS3549"
66.193.252.0/22,"Blocked AS3549"
66.194.0.0/23,"Blocked AS3549"
66.194.3.0/24,"Blocked AS3549"
66.194.4.0/22,"Blocked AS3549"
66.194.8.0/23,"Blocked AS3549"
66.194.10.0/24,"Blocked AS3549"
66.194.12.0/22,"Blocked AS3549"
66.194.16.0/22,"Blocked AS3549"
66.194.20.0/24,"Blocked AS3549"
66.194.22.0/23,"Blocked AS3549"
66.194.24.0/24,"Blocked AS3549"
66.194.26.0/23,"Blocked AS3549"
66.194.28.0/24,"Blocked AS3549"
66.194.31.0/24,"Blocked AS3549"
66.194.33.0/24,"Blocked AS3549"
66.194.34.0/23,"Blocked AS3549"
66.194.36.0/23,"Blocked AS3549"
66.194.39.0/24,"Blocked AS3549"
66.194.40.0/23,"Blocked AS3549"
66.194.43.0/24,"Blocked AS3549"
66.194.46.0/23,"Blocked AS3549"
66.194.48.0/21,"Blocked AS3549"
66.194.60.0/22,"Blocked AS3549"
66.194.64.0/21,"Blocked AS3549"
66.194.73.0/24,"Blocked AS3549"
66.194.74.0/24,"Blocked AS3549"
66.194.76.0/22,"Blocked AS3549"
66.194.81.0/24,"Blocked AS3549"
66.194.82.0/23,"Blocked AS3549"
66.194.84.0/23,"Blocked AS3549"
66.194.86.0/24,"Blocked AS3549"
66.194.88.0/21,"Blocked AS3549"
66.194.96.0/21,"Blocked AS3549"
66.194.106.0/23,"Blocked AS3549"
66.194.108.0/22,"Blocked AS3549"
66.194.114.0/23,"Blocked AS3549"
66.194.116.0/22,"Blocked AS3549"
66.194.120.0/22,"Blocked AS3549"
66.194.124.0/24,"Blocked AS3549"
66.194.126.0/23,"Blocked AS3549"
66.194.128.0/21,"Blocked AS3549"
66.194.136.0/22,"Blocked AS3549"
66.194.144.0/21,"Blocked AS3549"
66.194.152.0/22,"Blocked AS3549"
66.194.156.0/24,"Blocked AS3549"
66.194.158.0/23,"Blocked AS3549"
66.194.160.0/22,"Blocked AS3549"
66.194.164.0/23,"Blocked AS3549"
66.194.166.0/24,"Blocked AS3549"
66.194.168.0/22,"Blocked AS3549"
66.194.173.0/24,"Blocked AS3549"
66.194.174.0/23,"Blocked AS3549"
66.194.181.0/24,"Blocked AS3549"
66.194.182.0/23,"Blocked AS3549"
66.194.184.0/23,"Blocked AS3549"
66.194.186.0/24,"Blocked AS3549"
66.194.188.0/22,"Blocked AS3549"
66.194.192.0/24,"Blocked AS3549"
66.194.194.0/23,"Blocked AS3549"
66.194.196.0/23,"Blocked AS3549"
66.194.198.0/24,"Blocked AS3549"
66.194.200.0/21,"Blocked AS3549"
66.194.208.0/23,"Blocked AS3549"
66.194.212.0/22,"Blocked AS3549"
66.194.216.0/23,"Blocked AS3549"
66.194.218.0/24,"Blocked AS3549"
66.194.220.0/22,"Blocked AS3549"
66.194.224.0/21,"Blocked AS3549"
66.194.232.0/24,"Blocked AS3549"
66.194.234.0/23,"Blocked AS3549"
66.194.236.0/22,"Blocked AS3549"
66.194.240.0/23,"Blocked AS3549"
66.194.242.0/24,"Blocked AS3549"
66.194.248.0/22,"Blocked AS3549"
66.194.252.0/23,"Blocked AS3549"
66.195.0.0/23,"Blocked AS3549"
66.195.2.0/24,"Blocked AS3549"
66.195.4.0/24,"Blocked AS3549"
66.195.6.0/24,"Blocked AS3549"
66.195.16.0/24,"Blocked AS3549"
66.195.20.0/22,"Blocked AS3549"
66.195.24.0/21,"Blocked AS3549"
66.195.32.0/22,"Blocked AS3549"
66.195.36.0/23,"Blocked AS3549"
66.195.38.0/24,"Blocked AS3549"
66.195.40.0/23,"Blocked AS3549"
66.195.42.0/24,"Blocked AS3549"
66.195.44.0/22,"Blocked AS3549"
66.195.48.0/20,"Blocked AS3549"
66.195.64.0/21,"Blocked AS3549"
66.195.76.0/22,"Blocked AS3549"
66.195.80.0/21,"Blocked AS3549"
66.195.88.0/22,"Blocked AS3549"
66.195.93.0/24,"Blocked AS3549"
66.195.94.0/23,"Blocked AS3549"
66.195.96.0/21,"Blocked AS3549"
66.195.104.0/23,"Blocked AS3549"
66.195.107.0/24,"Blocked AS3549"
66.195.108.0/23,"Blocked AS3549"
66.195.111.0/24,"Blocked AS3549"
66.195.112.0/22,"Blocked AS3549"
66.195.116.0/23,"Blocked AS3549"
66.195.120.0/22,"Blocked AS3549"
66.195.128.0/23,"Blocked AS3549"
66.195.131.0/24,"Blocked AS3549"
66.195.132.0/22,"Blocked AS3549"
66.195.136.0/22,"Blocked AS3549"
66.195.140.0/24,"Blocked AS3549"
66.195.146.0/23,"Blocked AS3549"
66.195.148.0/24,"Blocked AS3549"
66.195.150.0/23,"Blocked AS3549"
66.195.152.0/21,"Blocked AS3549"
66.195.160.0/22,"Blocked AS3549"
66.195.164.0/23,"Blocked AS3549"
66.195.166.0/24,"Blocked AS3549"
66.195.168.0/21,"Blocked AS3549"
66.195.177.0/24,"Blocked AS3549"
66.195.180.0/22,"Blocked AS3549"
66.195.184.0/21,"Blocked AS3549"
66.195.200.0/24,"Blocked AS3549"
66.195.203.0/24,"Blocked AS3549"
66.195.204.0/22,"Blocked AS3549"
66.195.208.0/22,"Blocked AS3549"
66.195.212.0/23,"Blocked AS3549"
66.195.216.0/22,"Blocked AS3549"
66.195.220.0/23,"Blocked AS3549"
66.195.223.0/24,"Blocked AS3549"
66.195.225.0/24,"Blocked AS3549"
66.195.226.0/23,"Blocked AS3549"
66.195.228.0/22,"Blocked AS3549"
66.195.232.0/22,"Blocked AS3549"
66.195.236.0/23,"Blocked AS3549"
66.195.244.0/22,"Blocked AS3549"
66.195.248.0/21,"Blocked AS3549"
66.199.0.0/20,"Blocked AS3549"
66.199.16.0/21,"Blocked AS3549"
66.199.24.0/22,"Blocked AS3549"
66.199.28.0/23,"Blocked AS3549"
67.16.0.0/17,"Blocked AS3549"
67.16.128.0/18,"Blocked AS3549"
67.16.200.0/21,"Blocked AS3549"
67.16.208.0/21,"Blocked AS3549"
67.16.224.0/19,"Blocked AS3549"
67.17.0.0/17,"Blocked AS3549"
67.17.128.0/19,"Blocked AS3549"
67.17.160.0/22,"Blocked AS3549"
67.17.168.0/22,"Blocked AS3549"
67.17.176.0/20,"Blocked AS3549"
67.17.192.0/21,"Blocked AS3549"
67.17.200.0/23,"Blocked AS3549"
67.17.208.0/21,"Blocked AS3549"
67.17.216.0/23,"Blocked AS3549"
67.17.218.0/24,"Blocked AS3549"
67.17.220.0/22,"Blocked AS3549"
67.17.224.0/19,"Blocked AS3549"
67.24.0.0/21,"Blocked AS3549"
67.24.16.0/21,"Blocked AS3549"
67.24.56.0/21,"Blocked AS3549"
67.24.64.0/21,"Blocked AS3549"
67.24.88.0/21,"Blocked AS3549"
67.24.96.0/19,"Blocked AS3549"
67.24.128.0/20,"Blocked AS3549"
67.24.152.0/21,"Blocked AS3549"
67.24.160.0/21,"Blocked AS3549"
67.24.200.0/21,"Blocked AS3549"
67.24.208.0/20,"Blocked AS3549"
67.24.224.0/19,"Blocked AS3549"
67.25.0.0/16,"Blocked AS3549"
67.73.0.0/19,"Blocked AS3549"
67.73.124.0/22,"Blocked AS3549"
67.73.132.0/22,"Blocked AS3549"
67.73.136.0/21,"Blocked AS3549"
67.73.144.0/20,"Blocked AS3549"
67.73.160.0/19,"Blocked AS3549"
67.73.240.0/20,"Blocked AS3549"
67.74.0.0/19,"Blocked AS3549"
67.74.32.0/24,"Blocked AS3549"
67.74.34.0/23,"Blocked AS3549"
67.74.36.0/22,"Blocked AS3549"
67.74.40.0/21,"Blocked AS3549"
67.74.48.0/20,"Blocked AS3549"
67.74.64.0/18,"Blocked AS3549"
67.74.128.0/17,"Blocked AS3549"
67.75.0.0/16,"Blocked AS3549"
67.201.104.0/24,"Blocked AS3549"
74.114.160.0/24,"Blocked AS3549"
74.119.136.0/21,"Blocked AS3549"
74.202.1.0/24,"Blocked AS3549"
74.202.2.0/23,"Blocked AS3549"
74.202.4.0/22,"Blocked AS3549"
74.202.9.0/24,"Blocked AS3549"
74.202.10.0/23,"Blocked AS3549"
74.202.12.0/22,"Blocked AS3549"
74.202.16.0/20,"Blocked AS3549"
74.202.32.0/22,"Blocked AS3549"
74.202.36.0/23,"Blocked AS3549"
74.202.38.0/24,"Blocked AS3549"
74.202.40.0/22,"Blocked AS3549"
74.202.44.0/24,"Blocked AS3549"
74.202.46.0/23,"Blocked AS3549"
74.202.50.0/24,"Blocked AS3549"
74.202.52.0/22,"Blocked AS3549"
74.202.56.0/22,"Blocked AS3549"
74.202.60.0/23,"Blocked AS3549"
74.202.62.0/24,"Blocked AS3549"
74.202.64.0/19,"Blocked AS3549"
74.202.96.0/21,"Blocked AS3549"
74.202.104.0/24,"Blocked AS3549"
74.202.106.0/23,"Blocked AS3549"
74.202.108.0/23,"Blocked AS3549"
74.202.111.0/24,"Blocked AS3549"
74.202.113.0/24,"Blocked AS3549"
74.202.115.0/24,"Blocked AS3549"
74.202.116.0/24,"Blocked AS3549"
74.202.118.0/23,"Blocked AS3549"
74.202.120.0/24,"Blocked AS3549"
74.202.122.0/23,"Blocked AS3549"
74.202.124.0/22,"Blocked AS3549"
74.202.128.0/21,"Blocked AS3549"
74.202.136.0/23,"Blocked AS3549"
74.202.138.0/24,"Blocked AS3549"
74.202.140.0/23,"Blocked AS3549"
74.202.143.0/24,"Blocked AS3549"
74.202.144.0/22,"Blocked AS3549"
74.202.148.0/23,"Blocked AS3549"
74.202.153.0/24,"Blocked AS3549"
74.202.154.0/23,"Blocked AS3549"
74.202.156.0/23,"Blocked AS3549"
74.202.159.0/24,"Blocked AS3549"
74.202.160.0/21,"Blocked AS3549"
74.202.168.0/22,"Blocked AS3549"
74.202.173.0/24,"Blocked AS3549"
74.202.174.0/23,"Blocked AS3549"
74.202.176.0/21,"Blocked AS3549"
74.202.184.0/22,"Blocked AS3549"
74.202.188.0/23,"Blocked AS3549"
74.202.191.0/24,"Blocked AS3549"
74.202.192.0/23,"Blocked AS3549"
74.202.194.0/24,"Blocked AS3549"
74.202.196.0/22,"Blocked AS3549"
74.202.203.0/24,"Blocked AS3549"
74.202.205.0/24,"Blocked AS3549"
74.202.208.0/24,"Blocked AS3549"
74.202.210.0/23,"Blocked AS3549"
74.202.212.0/22,"Blocked AS3549"
74.202.216.0/21,"Blocked AS3549"
74.202.224.0/21,"Blocked AS3549"
74.202.232.0/23,"Blocked AS3549"
74.202.234.0/24,"Blocked AS3549"
74.202.236.0/22,"Blocked AS3549"
74.202.240.0/21,"Blocked AS3549"
74.202.248.0/23,"Blocked AS3549"
74.202.252.0/22,"Blocked AS3549"
74.203.0.0/19,"Blocked AS3549"
74.203.32.0/20,"Blocked AS3549"
74.203.50.0/23,"Blocked AS3549"
74.203.52.0/22,"Blocked AS3549"
74.203.56.0/24,"Blocked AS3549"
74.203.58.0/23,"Blocked AS3549"
74.203.60.0/22,"Blocked AS3549"
74.203.64.0/24,"Blocked AS3549"
74.203.66.0/23,"Blocked AS3549"
74.203.68.0/22,"Blocked AS3549"
74.203.76.0/23,"Blocked AS3549"
74.203.78.0/24,"Blocked AS3549"
74.203.81.0/24,"Blocked AS3549"
74.203.82.0/24,"Blocked AS3549"
74.203.84.0/22,"Blocked AS3549"
74.203.88.0/21,"Blocked AS3549"
74.203.96.0/21,"Blocked AS3549"
74.203.104.0/22,"Blocked AS3549"
74.203.108.0/23,"Blocked AS3549"
74.203.111.0/24,"Blocked AS3549"
74.203.112.0/20,"Blocked AS3549"
74.203.128.0/21,"Blocked AS3549"
74.203.136.0/24,"Blocked AS3549"
74.203.138.0/23,"Blocked AS3549"
74.203.140.0/22,"Blocked AS3549"
74.203.144.0/24,"Blocked AS3549"
74.203.146.0/23,"Blocked AS3549"
74.203.148.0/22,"Blocked AS3549"
74.203.153.0/24,"Blocked AS3549"
74.203.154.0/24,"Blocked AS3549"
74.203.156.0/22,"Blocked AS3549"
74.203.160.0/21,"Blocked AS3549"
74.203.168.0/23,"Blocked AS3549"
74.203.170.0/24,"Blocked AS3549"
74.203.172.0/22,"Blocked AS3549"
74.203.176.0/22,"Blocked AS3549"
74.203.180.0/23,"Blocked AS3549"
74.203.182.0/24,"Blocked AS3549"
74.203.186.0/23,"Blocked AS3549"
74.203.193.0/24,"Blocked AS3549"
74.203.194.0/23,"Blocked AS3549"
74.203.196.0/22,"Blocked AS3549"
74.203.200.0/24,"Blocked AS3549"
74.203.203.0/24,"Blocked AS3549"
74.203.204.0/22,"Blocked AS3549"
74.203.208.0/23,"Blocked AS3549"
74.203.211.0/24,"Blocked AS3549"
74.203.212.0/23,"Blocked AS3549"
74.203.215.0/24,"Blocked AS3549"
74.203.216.0/21,"Blocked AS3549"
74.203.224.0/21,"Blocked AS3549"
74.203.232.0/22,"Blocked AS3549"
74.203.236.0/23,"Blocked AS3549"
74.203.238.0/24,"Blocked AS3549"
74.203.240.0/21,"Blocked AS3549"
74.203.249.0/24,"Blocked AS3549"
74.203.250.0/24,"Blocked AS3549"
74.203.252.0/22,"Blocked AS3549"
75.98.224.0/20,"Blocked AS3549"
75.102.133.0/24,"Blocked AS3549"
97.65.0.0/23,"Blocked AS3549"
97.65.2.0/24,"Blocked AS3549"
97.65.4.0/23,"Blocked AS3549"
97.65.6.0/24,"Blocked AS3549"
97.65.8.0/23,"Blocked AS3549"
97.65.11.0/24,"Blocked AS3549"
97.65.12.0/23,"Blocked AS3549"
97.65.18.0/23,"Blocked AS3549"
97.65.20.0/23,"Blocked AS3549"
97.65.23.0/24,"Blocked AS3549"
97.65.24.0/21,"Blocked AS3549"
97.65.32.0/21,"Blocked AS3549"
97.65.40.0/23,"Blocked AS3549"
97.65.43.0/24,"Blocked AS3549"
97.65.44.0/22,"Blocked AS3549"
97.65.48.0/22,"Blocked AS3549"
97.65.52.0/23,"Blocked AS3549"
97.65.54.0/24,"Blocked AS3549"
97.65.56.0/21,"Blocked AS3549"
97.65.64.0/23,"Blocked AS3549"
97.65.66.0/24,"Blocked AS3549"
97.65.69.0/24,"Blocked AS3549"
97.65.70.0/23,"Blocked AS3549"
97.65.72.0/21,"Blocked AS3549"
97.65.81.0/24,"Blocked AS3549"
97.65.82.0/23,"Blocked AS3549"
97.65.84.0/23,"Blocked AS3549"
97.65.86.0/24,"Blocked AS3549"
97.65.88.0/21,"Blocked AS3549"
97.65.96.0/21,"Blocked AS3549"
97.65.104.0/24,"Blocked AS3549"
97.65.106.0/23,"Blocked AS3549"
97.65.108.0/22,"Blocked AS3549"
97.65.112.0/24,"Blocked AS3549"
97.65.114.0/23,"Blocked AS3549"
97.65.116.0/22,"Blocked AS3549"
97.65.120.0/21,"Blocked AS3549"
97.65.128.0/22,"Blocked AS3549"
97.65.133.0/24,"Blocked AS3549"
97.65.134.0/23,"Blocked AS3549"
97.65.136.0/23,"Blocked AS3549"
97.65.138.0/24,"Blocked AS3549"
97.65.140.0/22,"Blocked AS3549"
97.65.145.0/24,"Blocked AS3549"
97.65.146.0/23,"Blocked AS3549"
97.65.148.0/22,"Blocked AS3549"
97.65.152.0/22,"Blocked AS3549"
97.65.156.0/24,"Blocked AS3549"
97.65.158.0/24,"Blocked AS3549"
97.65.160.0/20,"Blocked AS3549"
97.65.176.0/22,"Blocked AS3549"
97.65.180.0/24,"Blocked AS3549"
97.65.182.0/23,"Blocked AS3549"
97.65.184.0/22,"Blocked AS3549"
97.65.188.0/23,"Blocked AS3549"
97.65.190.0/24,"Blocked AS3549"
97.65.192.0/22,"Blocked AS3549"
97.65.196.0/23,"Blocked AS3549"
97.65.201.0/24,"Blocked AS3549"
97.65.202.0/23,"Blocked AS3549"
97.65.204.0/24,"Blocked AS3549"
97.65.206.0/24,"Blocked AS3549"
97.65.209.0/24,"Blocked AS3549"
97.65.211.0/24,"Blocked AS3549"
97.65.212.0/22,"Blocked AS3549"
97.65.218.0/23,"Blocked AS3549"
97.65.220.0/23,"Blocked AS3549"
97.65.223.0/24,"Blocked AS3549"
97.65.225.0/24,"Blocked AS3549"
97.65.226.0/23,"Blocked AS3549"
97.65.228.0/22,"Blocked AS3549"
97.65.232.0/23,"Blocked AS3549"
97.65.235.0/24,"Blocked AS3549"
97.65.236.0/22,"Blocked AS3549"
97.65.240.0/24,"Blocked AS3549"
97.65.242.0/23,"Blocked AS3549"
97.65.244.0/22,"Blocked AS3549"
97.65.248.0/24,"Blocked AS3549"
97.65.250.0/24,"Blocked AS3549"
97.65.252.0/23,"Blocked AS3549"
97.65.255.0/24,"Blocked AS3549"
108.169.232.0/22,"Blocked AS3549"
113.29.0.0/21,"Blocked AS3549"
113.29.8.0/22,"Blocked AS3549"
113.29.12.0/23,"Blocked AS3549"
113.29.14.0/24,"Blocked AS3549"
113.29.16.0/22,"Blocked AS3549"
113.29.20.0/24,"Blocked AS3549"
113.29.22.0/24,"Blocked AS3549"
113.29.24.0/22,"Blocked AS3549"
113.29.29.0/24,"Blocked AS3549"
113.29.30.0/23,"Blocked AS3549"
113.29.32.0/20,"Blocked AS3549"
113.29.48.0/21,"Blocked AS3549"
113.29.56.0/23,"Blocked AS3549"
113.29.59.0/24,"Blocked AS3549"
113.29.60.0/22,"Blocked AS3549"
113.29.64.0/23,"Blocked AS3549"
113.29.66.0/24,"Blocked AS3549"
113.29.68.0/22,"Blocked AS3549"
113.29.72.0/22,"Blocked AS3549"
113.29.76.0/23,"Blocked AS3549"
113.29.79.0/24,"Blocked AS3549"
113.29.80.0/21,"Blocked AS3549"
113.29.88.0/23,"Blocked AS3549"
113.29.90.0/24,"Blocked AS3549"
113.29.92.0/22,"Blocked AS3549"
113.29.96.0/19,"Blocked AS3549"
128.191.240.0/20,"Blocked AS3549"
131.0.52.0/22,"Blocked AS3549"
131.255.136.0/22,"Blocked AS3549"
132.174.171.0/24,"Blocked AS3549"
132.174.172.0/23,"Blocked AS3549"
132.174.177.0/24,"Blocked AS3549"
132.244.80.0/20,"Blocked AS3549"
132.244.96.0/24,"Blocked AS3549"
136.223.65.0/24,"Blocked AS3549"
137.106.164.0/24,"Blocked AS3549"
137.106.172.0/24,"Blocked AS3549"
138.108.40.0/24,"Blocked AS3549"
141.159.176.0/23,"Blocked AS3549"
145.233.0.0/16,"Blocked AS3549"
146.82.0.0/20,"Blocked AS3549"
146.82.16.0/22,"Blocked AS3549"
146.82.20.0/24,"Blocked AS3549"
146.82.22.0/23,"Blocked AS3549"
146.82.24.0/21,"Blocked AS3549"
146.82.32.0/19,"Blocked AS3549"
146.82.64.0/20,"Blocked AS3549"
146.82.80.0/22,"Blocked AS3549"
146.82.84.0/23,"Blocked AS3549"
146.82.86.0/24,"Blocked AS3549"
146.82.92.0/22,"Blocked AS3549"
146.82.96.0/19,"Blocked AS3549"
146.82.128.0/23,"Blocked AS3549"
146.82.131.0/24,"Blocked AS3549"
146.82.132.0/22,"Blocked AS3549"
146.82.136.0/21,"Blocked AS3549"
146.82.144.0/20,"Blocked AS3549"
146.82.160.0/22,"Blocked AS3549"
146.82.165.0/24,"Blocked AS3549"
146.82.166.0/23,"Blocked AS3549"
146.82.168.0/21,"Blocked AS3549"
146.82.176.0/20,"Blocked AS3549"
146.82.192.0/21,"Blocked AS3549"
146.82.208.0/21,"Blocked AS3549"
146.82.216.0/22,"Blocked AS3549"
146.82.222.0/23,"Blocked AS3549"
146.82.224.0/21,"Blocked AS3549"
146.82.232.0/23,"Blocked AS3549"
146.82.235.0/24,"Blocked AS3549"
146.82.236.0/22,"Blocked AS3549"
146.82.240.0/21,"Blocked AS3549"
146.82.249.0/24,"Blocked AS3549"
146.82.250.0/23,"Blocked AS3549"
146.82.252.0/22,"Blocked AS3549"
146.184.1.0/24,"Blocked AS3549"
146.184.4.0/24,"Blocked AS3549"
148.177.117.0/24,"Blocked AS3549"
148.230.0.0/16,"Blocked AS3549"
149.117.15.0/24,"Blocked AS3549"
149.117.138.0/24,"Blocked AS3549"
149.117.157.0/24,"Blocked AS3549"
149.117.165.0/24,"Blocked AS3549"
159.63.8.0/21,"Blocked AS3549"
159.63.16.0/20,"Blocked AS3549"
159.63.32.0/19,"Blocked AS3549"
159.63.64.0/18,"Blocked AS3549"
159.63.148.0/24,"Blocked AS3549"
159.63.151.0/24,"Blocked AS3549"
159.63.152.0/21,"Blocked AS3549"
159.63.160.0/23,"Blocked AS3549"
159.63.162.0/24,"Blocked AS3549"
159.63.164.0/22,"Blocked AS3549"
159.63.168.0/21,"Blocked AS3549"
159.63.192.0/19,"Blocked AS3549"
159.63.240.0/21,"Blocked AS3549"
159.63.248.0/22,"Blocked AS3549"
159.172.8.0/24,"Blocked AS3549"
159.172.140.0/24,"Blocked AS3549"
160.238.247.0/24,"Blocked AS3549"
161.134.0.0/16,"Blocked AS3549"
161.195.138.0/24,"Blocked AS3549"
161.217.3.0/24,"Blocked AS3549"
161.217.12.0/24,"Blocked AS3549"
161.217.28.0/22,"Blocked AS3549"
161.217.54.0/23,"Blocked AS3549"
161.217.58.0/23,"Blocked AS3549"
161.217.61.0/24,"Blocked AS3549"
161.217.100.0/24,"Blocked AS3549"
161.217.104.0/22,"Blocked AS3549"
161.217.108.0/24,"Blocked AS3549"
161.217.131.0/24,"Blocked AS3549"
161.217.136.0/23,"Blocked AS3549"
161.217.140.0/23,"Blocked AS3549"
161.217.160.0/23,"Blocked AS3549"
161.217.162.0/24,"Blocked AS3549"
161.217.165.0/24,"Blocked AS3549"
161.217.176.0/24,"Blocked AS3549"
161.217.179.0/24,"Blocked AS3549"
161.217.188.0/23,"Blocked AS3549"
161.217.195.0/24,"Blocked AS3549"
161.217.204.0/23,"Blocked AS3549"
161.217.208.0/23,"Blocked AS3549"
161.217.211.0/24,"Blocked AS3549"
161.217.212.0/24,"Blocked AS3549"
162.97.0.0/18,"Blocked AS3549"
162.97.64.0/20,"Blocked AS3549"
162.97.83.0/24,"Blocked AS3549"
162.97.84.0/22,"Blocked AS3549"
162.97.88.0/21,"Blocked AS3549"
162.97.96.0/23,"Blocked AS3549"
162.97.98.0/24,"Blocked AS3549"
162.97.100.0/22,"Blocked AS3549"
162.97.104.0/21,"Blocked AS3549"
162.97.112.0/20,"Blocked AS3549"
162.97.128.0/20,"Blocked AS3549"
162.97.144.0/21,"Blocked AS3549"
162.97.160.0/19,"Blocked AS3549"
162.97.192.0/22,"Blocked AS3549"
162.97.196.0/24,"Blocked AS3549"
162.97.199.0/24,"Blocked AS3549"
162.97.200.0/21,"Blocked AS3549"
162.97.208.0/21,"Blocked AS3549"
162.97.216.0/22,"Blocked AS3549"
162.97.222.0/23,"Blocked AS3549"
162.97.224.0/19,"Blocked AS3549"
162.242.114.0/24,"Blocked AS3549"
165.83.32.0/24,"Blocked AS3549"
165.83.37.0/24,"Blocked AS3549"
168.88.78.0/24,"Blocked AS3549"
168.195.200.0/22,"Blocked AS3549"
168.215.32.0/21,"Blocked AS3549"
168.215.40.0/22,"Blocked AS3549"
168.215.44.0/23,"Blocked AS3549"
168.215.46.0/24,"Blocked AS3549"
168.215.48.0/21,"Blocked AS3549"
168.215.56.0/23,"Blocked AS3549"
168.215.58.0/24,"Blocked AS3549"
168.215.60.0/23,"Blocked AS3549"
168.215.62.0/24,"Blocked AS3549"
168.215.64.0/24,"Blocked AS3549"
168.215.66.0/24,"Blocked AS3549"
168.215.68.0/22,"Blocked AS3549"
168.215.72.0/21,"Blocked AS3549"
168.215.80.0/22,"Blocked AS3549"
168.215.86.0/23,"Blocked AS3549"
168.215.88.0/22,"Blocked AS3549"
168.215.92.0/23,"Blocked AS3549"
168.215.95.0/24,"Blocked AS3549"
168.215.96.0/23,"Blocked AS3549"
168.215.99.0/24,"Blocked AS3549"
168.215.100.0/23,"Blocked AS3549"
168.215.102.0/24,"Blocked AS3549"
168.215.104.0/21,"Blocked AS3549"
168.215.112.0/20,"Blocked AS3549"
168.215.129.0/24,"Blocked AS3549"
168.215.130.0/23,"Blocked AS3549"
168.215.132.0/22,"Blocked AS3549"
168.215.136.0/21,"Blocked AS3549"
168.215.144.0/21,"Blocked AS3549"
168.215.152.0/23,"Blocked AS3549"
168.215.154.0/24,"Blocked AS3549"
168.215.156.0/22,"Blocked AS3549"
168.215.160.0/21,"Blocked AS3549"
168.215.169.0/24,"Blocked AS3549"
168.215.170.0/23,"Blocked AS3549"
168.215.172.0/22,"Blocked AS3549"
168.215.176.0/22,"Blocked AS3549"
168.215.184.0/21,"Blocked AS3549"
168.215.192.0/23,"Blocked AS3549"
168.215.196.0/23,"Blocked AS3549"
168.215.199.0/24,"Blocked AS3549"
168.215.200.0/21,"Blocked AS3549"
168.215.208.0/22,"Blocked AS3549"
168.215.214.0/23,"Blocked AS3549"
168.215.216.0/21,"Blocked AS3549"
168.215.225.0/24,"Blocked AS3549"
168.215.227.0/24,"Blocked AS3549"
168.215.228.0/22,"Blocked AS3549"
168.215.232.0/23,"Blocked AS3549"
168.215.238.0/23,"Blocked AS3549"
168.215.240.0/22,"Blocked AS3549"
168.215.244.0/23,"Blocked AS3549"
168.215.246.0/24,"Blocked AS3549"
168.215.248.0/21,"Blocked AS3549"
169.153.179.0/24,"Blocked AS3549"
169.153.180.0/23,"Blocked AS3549"
169.153.182.0/24,"Blocked AS3549"
170.41.177.0/24,"Blocked AS3549"
170.41.179.0/24,"Blocked AS3549"
170.248.10.0/24,"Blocked AS3549"
173.226.0.0/21,"Blocked AS3549"
173.226.8.0/23,"Blocked AS3549"
173.226.10.0/24,"Blocked AS3549"
173.226.12.0/22,"Blocked AS3549"
173.226.16.0/22,"Blocked AS3549"
173.226.20.0/24,"Blocked AS3549"
173.226.22.0/24,"Blocked AS3549"
173.226.24.0/22,"Blocked AS3549"
173.226.28.0/24,"Blocked AS3549"
173.226.31.0/24,"Blocked AS3549"
173.226.40.0/21,"Blocked AS3549"
173.226.48.0/22,"Blocked AS3549"
173.226.53.0/24,"Blocked AS3549"
173.226.60.0/22,"Blocked AS3549"
173.226.64.0/24,"Blocked AS3549"
173.226.66.0/24,"Blocked AS3549"
173.226.68.0/22,"Blocked AS3549"
173.226.80.0/23,"Blocked AS3549"
173.226.84.0/24,"Blocked AS3549"
173.226.86.0/24,"Blocked AS3549"
173.226.88.0/21,"Blocked AS3549"
173.226.96.0/23,"Blocked AS3549"
173.226.100.0/23,"Blocked AS3549"
173.226.102.0/24,"Blocked AS3549"
173.226.104.0/22,"Blocked AS3549"
173.226.109.0/24,"Blocked AS3549"
173.226.110.0/23,"Blocked AS3549"
173.226.112.0/23,"Blocked AS3549"
173.226.114.0/24,"Blocked AS3549"
173.226.116.0/22,"Blocked AS3549"
173.226.122.0/23,"Blocked AS3549"
173.226.124.0/22,"Blocked AS3549"
173.226.130.0/23,"Blocked AS3549"
173.226.132.0/22,"Blocked AS3549"
173.226.136.0/23,"Blocked AS3549"
173.226.138.0/24,"Blocked AS3549"
173.226.140.0/23,"Blocked AS3549"
173.226.144.0/20,"Blocked AS3549"
173.226.160.0/24,"Blocked AS3549"
173.226.162.0/23,"Blocked AS3549"
173.226.164.0/23,"Blocked AS3549"
173.226.166.0/24,"Blocked AS3549"
173.226.168.0/21,"Blocked AS3549"
173.226.178.0/23,"Blocked AS3549"
173.226.180.0/22,"Blocked AS3549"
173.226.184.0/21,"Blocked AS3549"
173.226.192.0/22,"Blocked AS3549"
173.226.196.0/23,"Blocked AS3549"
173.226.199.0/24,"Blocked AS3549"
173.226.201.0/24,"Blocked AS3549"
173.226.202.0/23,"Blocked AS3549"
173.226.204.0/22,"Blocked AS3549"
173.226.224.0/24,"Blocked AS3549"
173.226.226.0/23,"Blocked AS3549"
173.226.228.0/22,"Blocked AS3549"
173.226.233.0/24,"Blocked AS3549"
173.226.234.0/23,"Blocked AS3549"
173.226.236.0/22,"Blocked AS3549"
173.226.240.0/21,"Blocked AS3549"
173.226.248.0/22,"Blocked AS3549"
173.226.252.0/23,"Blocked AS3549"
173.226.254.0/24,"Blocked AS3549"
173.227.0.0/22,"Blocked AS3549"
173.227.4.0/24,"Blocked AS3549"
173.227.6.0/23,"Blocked AS3549"
173.227.8.0/21,"Blocked AS3549"
173.227.16.0/23,"Blocked AS3549"
173.227.18.0/24,"Blocked AS3549"
173.227.20.0/22,"Blocked AS3549"
173.227.24.0/21,"Blocked AS3549"
173.227.32.0/21,"Blocked AS3549"
173.227.40.0/22,"Blocked AS3549"
173.227.48.0/20,"Blocked AS3549"
173.227.64.0/22,"Blocked AS3549"
173.227.69.0/24,"Blocked AS3549"
173.227.71.0/24,"Blocked AS3549"
173.227.72.0/22,"Blocked AS3549"
173.227.76.0/23,"Blocked AS3549"
173.227.79.0/24,"Blocked AS3549"
173.227.80.0/22,"Blocked AS3549"
173.227.88.0/21,"Blocked AS3549"
173.227.96.0/23,"Blocked AS3549"
173.227.99.0/24,"Blocked AS3549"
173.227.100.0/22,"Blocked AS3549"
173.227.104.0/21,"Blocked AS3549"
173.227.112.0/21,"Blocked AS3549"
173.227.120.0/23,"Blocked AS3549"
173.227.124.0/22,"Blocked AS3549"
173.227.132.0/22,"Blocked AS3549"
173.227.137.0/24,"Blocked AS3549"
173.227.138.0/23,"Blocked AS3549"
173.227.140.0/24,"Blocked AS3549"
173.227.143.0/24,"Blocked AS3549"
173.227.144.0/23,"Blocked AS3549"
173.227.150.0/23,"Blocked AS3549"
173.227.152.0/22,"Blocked AS3549"
173.227.156.0/23,"Blocked AS3549"
173.227.158.0/24,"Blocked AS3549"
173.227.160.0/23,"Blocked AS3549"
173.227.162.0/24,"Blocked AS3549"
173.227.164.0/23,"Blocked AS3549"
173.227.166.0/24,"Blocked AS3549"
173.227.168.0/22,"Blocked AS3549"
173.227.172.0/23,"Blocked AS3549"
173.227.175.0/24,"Blocked AS3549"
173.227.178.0/23,"Blocked AS3549"
173.227.180.0/22,"Blocked AS3549"
173.227.184.0/22,"Blocked AS3549"
173.227.189.0/24,"Blocked AS3549"
173.227.190.0/23,"Blocked AS3549"
173.227.196.0/24,"Blocked AS3549"
173.227.199.0/24,"Blocked AS3549"
173.227.200.0/24,"Blocked AS3549"
173.227.202.0/23,"Blocked AS3549"
173.227.204.0/23,"Blocked AS3549"
173.227.206.0/24,"Blocked AS3549"
173.227.208.0/23,"Blocked AS3549"
173.227.211.0/24,"Blocked AS3549"
173.227.212.0/23,"Blocked AS3549"
173.227.215.0/24,"Blocked AS3549"
173.227.216.0/24,"Blocked AS3549"
173.227.218.0/23,"Blocked AS3549"
173.227.220.0/22,"Blocked AS3549"
173.227.224.0/23,"Blocked AS3549"
173.227.227.0/24,"Blocked AS3549"
173.227.228.0/22,"Blocked AS3549"
173.227.232.0/21,"Blocked AS3549"
173.227.240.0/22,"Blocked AS3549"
173.227.245.0/24,"Blocked AS3549"
173.227.246.0/23,"Blocked AS3549"
173.227.248.0/21,"Blocked AS3549"
174.46.1.0/24,"Blocked AS3549"
174.46.2.0/23,"Blocked AS3549"
174.46.4.0/22,"Blocked AS3549"
174.46.9.0/24,"Blocked AS3549"
174.46.11.0/24,"Blocked AS3549"
174.46.16.0/22,"Blocked AS3549"
174.46.20.0/23,"Blocked AS3549"
174.46.22.0/24,"Blocked AS3549"
174.46.24.0/21,"Blocked AS3549"
174.46.32.0/23,"Blocked AS3549"
174.46.34.0/24,"Blocked AS3549"
174.46.36.0/22,"Blocked AS3549"
174.46.40.0/21,"Blocked AS3549"
174.46.48.0/22,"Blocked AS3549"
174.46.52.0/24,"Blocked AS3549"
174.46.54.0/23,"Blocked AS3549"
174.46.56.0/23,"Blocked AS3549"
174.46.58.0/24,"Blocked AS3549"
174.46.60.0/22,"Blocked AS3549"
174.46.64.0/24,"Blocked AS3549"
174.46.67.0/24,"Blocked AS3549"
174.46.70.0/23,"Blocked AS3549"
174.46.72.0/22,"Blocked AS3549"
174.46.77.0/24,"Blocked AS3549"
174.46.78.0/23,"Blocked AS3549"
174.46.80.0/20,"Blocked AS3549"
174.46.96.0/24,"Blocked AS3549"
174.46.99.0/24,"Blocked AS3549"
174.46.100.0/22,"Blocked AS3549"
174.46.106.0/23,"Blocked AS3549"
174.46.108.0/24,"Blocked AS3549"
174.46.110.0/23,"Blocked AS3549"
174.46.113.0/24,"Blocked AS3549"
174.46.114.0/23,"Blocked AS3549"
174.46.118.0/23,"Blocked AS3549"
174.46.121.0/24,"Blocked AS3549"
174.46.122.0/23,"Blocked AS3549"
174.46.124.0/23,"Blocked AS3549"
174.46.127.0/24,"Blocked AS3549"
174.46.129.0/24,"Blocked AS3549"
174.46.130.0/23,"Blocked AS3549"
174.46.135.0/24,"Blocked AS3549"
174.46.136.0/21,"Blocked AS3549"
174.46.144.0/20,"Blocked AS3549"
174.46.162.0/23,"Blocked AS3549"
174.46.164.0/22,"Blocked AS3549"
174.46.168.0/22,"Blocked AS3549"
174.46.172.0/23,"Blocked AS3549"
174.46.175.0/24,"Blocked AS3549"
174.46.176.0/22,"Blocked AS3549"
174.46.182.0/23,"Blocked AS3549"
174.46.184.0/21,"Blocked AS3549"
174.46.193.0/24,"Blocked AS3549"
174.46.194.0/23,"Blocked AS3549"
174.46.196.0/22,"Blocked AS3549"
174.46.200.0/22,"Blocked AS3549"
174.46.204.0/23,"Blocked AS3549"
174.46.208.0/21,"Blocked AS3549"
174.46.216.0/22,"Blocked AS3549"
174.46.220.0/24,"Blocked AS3549"
174.46.222.0/23,"Blocked AS3549"
174.46.224.0/22,"Blocked AS3549"
174.46.228.0/23,"Blocked AS3549"
174.46.231.0/24,"Blocked AS3549"
174.46.232.0/22,"Blocked AS3549"
174.46.236.0/23,"Blocked AS3549"
174.46.239.0/24,"Blocked AS3549"
174.46.240.0/21,"Blocked AS3549"
174.46.248.0/23,"Blocked AS3549"
174.46.252.0/23,"Blocked AS3549"
174.46.254.0/24,"Blocked AS3549"
174.47.0.0/23,"Blocked AS3549"
174.47.2.0/24,"Blocked AS3549"
174.47.4.0/22,"Blocked AS3549"
174.47.8.0/23,"Blocked AS3549"
174.47.10.0/24,"Blocked AS3549"
174.47.12.0/23,"Blocked AS3549"
174.47.14.0/24,"Blocked AS3549"
174.47.16.0/22,"Blocked AS3549"
174.47.21.0/24,"Blocked AS3549"
174.47.22.0/23,"Blocked AS3549"
174.47.24.0/21,"Blocked AS3549"
174.47.32.0/22,"Blocked AS3549"
174.47.36.0/23,"Blocked AS3549"
174.47.39.0/24,"Blocked AS3549"
174.47.43.0/24,"Blocked AS3549"
174.47.45.0/24,"Blocked AS3549"
174.47.46.0/23,"Blocked AS3549"
174.47.48.0/23,"Blocked AS3549"
174.47.50.0/24,"Blocked AS3549"
174.47.52.0/22,"Blocked AS3549"
174.47.56.0/21,"Blocked AS3549"
174.47.64.0/24,"Blocked AS3549"
174.47.66.0/23,"Blocked AS3549"
174.47.68.0/22,"Blocked AS3549"
174.47.72.0/22,"Blocked AS3549"
174.47.77.0/24,"Blocked AS3549"
174.47.78.0/23,"Blocked AS3549"
174.47.80.0/22,"Blocked AS3549"
174.47.85.0/24,"Blocked AS3549"
174.47.86.0/24,"Blocked AS3549"
174.47.96.0/21,"Blocked AS3549"
174.47.104.0/24,"Blocked AS3549"
174.47.106.0/23,"Blocked AS3549"
174.47.110.0/23,"Blocked AS3549"
174.47.112.0/21,"Blocked AS3549"
174.47.120.0/23,"Blocked AS3549"
174.47.122.0/24,"Blocked AS3549"
174.47.124.0/22,"Blocked AS3549"
174.47.128.0/22,"Blocked AS3549"
174.47.132.0/24,"Blocked AS3549"
174.47.134.0/23,"Blocked AS3549"
174.47.136.0/23,"Blocked AS3549"
174.47.139.0/24,"Blocked AS3549"
174.47.140.0/22,"Blocked AS3549"
174.47.146.0/23,"Blocked AS3549"
174.47.148.0/22,"Blocked AS3549"
174.47.152.0/22,"Blocked AS3549"
174.47.160.0/24,"Blocked AS3549"
174.47.163.0/24,"Blocked AS3549"
174.47.168.0/23,"Blocked AS3549"
174.47.171.0/24,"Blocked AS3549"
174.47.172.0/24,"Blocked AS3549"
174.47.174.0/23,"Blocked AS3549"
174.47.176.0/22,"Blocked AS3549"
174.47.184.0/21,"Blocked AS3549"
174.47.196.0/23,"Blocked AS3549"
174.47.198.0/24,"Blocked AS3549"
174.47.200.0/21,"Blocked AS3549"
174.47.208.0/20,"Blocked AS3549"
174.47.224.0/21,"Blocked AS3549"
174.47.232.0/24,"Blocked AS3549"
174.47.234.0/23,"Blocked AS3549"
174.47.236.0/22,"Blocked AS3549"
174.47.240.0/20,"Blocked AS3549"
177.74.206.0/23,"Blocked AS3549"
179.60.32.0/21,"Blocked AS3549"
181.224.160.0/22,"Blocked AS3549"
185.22.225.0/24,"Blocked AS3549"
185.67.48.0/24,"Blocked AS3549"
185.237.204.0/23,"Blocked AS3549"
186.121.180.0/24,"Blocked AS3549"
186.121.191.0/24,"Blocked AS3549"
189.125.0.0/19,"Blocked AS3549"
189.125.32.0/20,"Blocked AS3549"
189.125.48.0/23,"Blocked AS3549"
189.125.50.0/24,"Blocked AS3549"
189.125.52.0/22,"Blocked AS3549"
189.125.56.0/22,"Blocked AS3549"
189.125.60.0/23,"Blocked AS3549"
189.125.63.0/24,"Blocked AS3549"
189.125.64.0/21,"Blocked AS3549"
189.125.72.0/22,"Blocked AS3549"
189.125.76.0/23,"Blocked AS3549"
189.125.78.0/24,"Blocked AS3549"
189.125.80.0/21,"Blocked AS3549"
189.125.88.0/22,"Blocked AS3549"
189.125.92.0/23,"Blocked AS3549"
189.125.94.0/24,"Blocked AS3549"
189.125.100.0/23,"Blocked AS3549"
189.125.103.0/24,"Blocked AS3549"
189.125.104.0/21,"Blocked AS3549"
189.125.112.0/21,"Blocked AS3549"
189.125.120.0/22,"Blocked AS3549"
189.125.126.0/23,"Blocked AS3549"
189.125.133.0/24,"Blocked AS3549"
189.125.134.0/24,"Blocked AS3549"
189.125.136.0/21,"Blocked AS3549"
189.125.144.0/21,"Blocked AS3549"
189.125.152.0/22,"Blocked AS3549"
189.125.156.0/23,"Blocked AS3549"
189.125.158.0/24,"Blocked AS3549"
189.125.160.0/19,"Blocked AS3549"
189.125.192.0/19,"Blocked AS3549"
189.125.224.0/20,"Blocked AS3549"
189.125.240.0/23,"Blocked AS3549"
189.125.242.0/24,"Blocked AS3549"
189.125.244.0/22,"Blocked AS3549"
189.125.248.0/21,"Blocked AS3549"
190.5.13.0/24,"Blocked AS3549"
190.5.14.0/23,"Blocked AS3549"
190.5.20.0/24,"Blocked AS3549"
190.5.30.0/23,"Blocked AS3549"
190.216.2.0/23,"Blocked AS3549"
190.216.4.0/22,"Blocked AS3549"
190.216.8.0/21,"Blocked AS3549"
190.216.16.0/23,"Blocked AS3549"
190.216.19.0/24,"Blocked AS3549"
190.216.26.0/23,"Blocked AS3549"
190.216.28.0/22,"Blocked AS3549"
190.216.33.0/24,"Blocked AS3549"
190.216.34.0/24,"Blocked AS3549"
190.216.36.0/22,"Blocked AS3549"
190.216.40.0/22,"Blocked AS3549"
190.216.47.0/24,"Blocked AS3549"
190.216.48.0/21,"Blocked AS3549"
190.216.57.0/24,"Blocked AS3549"
190.216.58.0/23,"Blocked AS3549"
190.216.63.0/24,"Blocked AS3549"
190.216.64.0/18,"Blocked AS3549"
190.216.128.0/19,"Blocked AS3549"
190.216.160.0/23,"Blocked AS3549"
190.216.163.0/24,"Blocked AS3549"
190.216.164.0/22,"Blocked AS3549"
190.216.168.0/21,"Blocked AS3549"
190.216.176.0/20,"Blocked AS3549"
190.216.192.0/20,"Blocked AS3549"
190.216.208.0/23,"Blocked AS3549"
190.216.210.0/24,"Blocked AS3549"
190.216.212.0/22,"Blocked AS3549"
190.216.216.0/22,"Blocked AS3549"
190.216.220.0/24,"Blocked AS3549"
190.216.222.0/23,"Blocked AS3549"
190.216.224.0/23,"Blocked AS3549"
190.216.228.0/22,"Blocked AS3549"
190.216.232.0/22,"Blocked AS3549"
190.216.236.0/24,"Blocked AS3549"
190.216.238.0/23,"Blocked AS3549"
190.216.242.0/23,"Blocked AS3549"
190.216.246.0/23,"Blocked AS3549"
190.216.255.0/24,"Blocked AS3549"
190.217.0.0/23,"Blocked AS3549"
190.217.3.0/24,"Blocked AS3549"
190.217.4.0/22,"Blocked AS3549"
190.217.8.0/21,"Blocked AS3549"
190.217.16.0/20,"Blocked AS3549"
190.217.32.0/24,"Blocked AS3549"
190.217.34.0/23,"Blocked AS3549"
190.217.36.0/22,"Blocked AS3549"
190.217.40.0/21,"Blocked AS3549"
190.217.48.0/20,"Blocked AS3549"
190.217.64.0/21,"Blocked AS3549"
190.217.80.0/22,"Blocked AS3549"
190.217.96.0/20,"Blocked AS3549"
190.217.112.0/22,"Blocked AS3549"
190.217.117.0/24,"Blocked AS3549"
190.217.118.0/23,"Blocked AS3549"
190.217.120.0/24,"Blocked AS3549"
190.217.122.0/23,"Blocked AS3549"
190.217.124.0/22,"Blocked AS3549"
191.97.26.0/23,"Blocked AS3549"
192.30.210.0/23,"Blocked AS3549"
192.42.240.0/24,"Blocked AS3549"
192.52.183.0/24,"Blocked AS3549"
192.55.161.0/24,"Blocked AS3549"
192.112.63.0/24,"Blocked AS3549"
192.148.174.0/24,"Blocked AS3549"
192.165.233.0/24,"Blocked AS3549"
192.188.45.0/24,"Blocked AS3549"
192.198.25.0/24,"Blocked AS3549"
192.203.186.0/24,"Blocked AS3549"
192.221.248.0/21,"Blocked AS3549"
192.241.34.0/24,"Blocked AS3549"
192.251.194.0/24,"Blocked AS3549"
193.9.0.0/24,"Blocked AS3549"
193.240.0.0/19,"Blocked AS3549"
193.240.32.0/23,"Blocked AS3549"
193.240.35.0/24,"Blocked AS3549"
193.240.36.0/22,"Blocked AS3549"
193.240.40.0/23,"Blocked AS3549"
193.240.42.0/24,"Blocked AS3549"
193.240.44.0/22,"Blocked AS3549"
193.240.48.0/21,"Blocked AS3549"
193.240.56.0/22,"Blocked AS3549"
193.240.60.0/23,"Blocked AS3549"
193.240.62.0/24,"Blocked AS3549"
193.240.64.0/19,"Blocked AS3549"
193.240.96.0/20,"Blocked AS3549"
193.240.112.0/23,"Blocked AS3549"
193.240.115.0/24,"Blocked AS3549"
193.240.116.0/22,"Blocked AS3549"
193.240.120.0/21,"Blocked AS3549"
193.240.128.0/19,"Blocked AS3549"
193.240.160.0/21,"Blocked AS3549"
193.240.168.0/24,"Blocked AS3549"
193.240.171.0/24,"Blocked AS3549"
193.240.172.0/23,"Blocked AS3549"
193.240.175.0/24,"Blocked AS3549"
193.240.177.0/24,"Blocked AS3549"
193.240.178.0/23,"Blocked AS3549"
193.240.180.0/22,"Blocked AS3549"
193.240.185.0/24,"Blocked AS3549"
193.240.186.0/23,"Blocked AS3549"
193.240.188.0/23,"Blocked AS3549"
193.240.192.0/20,"Blocked AS3549"
193.240.208.0/22,"Blocked AS3549"
193.240.212.0/23,"Blocked AS3549"
193.240.214.0/24,"Blocked AS3549"
193.240.218.0/23,"Blocked AS3549"
193.240.220.0/22,"Blocked AS3549"
193.240.224.0/20,"Blocked AS3549"
193.240.240.0/22,"Blocked AS3549"
193.240.245.0/24,"Blocked AS3549"
193.240.246.0/23,"Blocked AS3549"
193.240.248.0/21,"Blocked AS3549"
195.54.163.0/24,"Blocked AS3549"
195.110.10.0/23,"Blocked AS3549"
195.166.0.0/18,"Blocked AS3549"
195.166.64.0/19,"Blocked AS3549"
195.166.96.0/20,"Blocked AS3549"
195.166.112.0/21,"Blocked AS3549"
195.166.120.0/22,"Blocked AS3549"
195.166.125.0/24,"Blocked AS3549"
195.166.127.0/24,"Blocked AS3549"
198.40.7.0/24,"Blocked AS3549"
198.148.20.0/24,"Blocked AS3549"
198.182.14.0/24,"Blocked AS3549"
198.199.140.0/24,"Blocked AS3549"
198.235.12.0/24,"Blocked AS3549"
198.235.15.0/24,"Blocked AS3549"
199.5.233.0/24,"Blocked AS3549"
199.5.234.0/24,"Blocked AS3549"
199.20.2.0/23,"Blocked AS3549"
199.20.6.0/23,"Blocked AS3549"
199.76.0.0/22,"Blocked AS3549"
199.76.4.0/23,"Blocked AS3549"
199.76.7.0/24,"Blocked AS3549"
199.76.8.0/22,"Blocked AS3549"
199.76.16.0/21,"Blocked AS3549"
199.76.26.0/23,"Blocked AS3549"
199.76.28.0/22,"Blocked AS3549"
199.76.32.0/22,"Blocked AS3549"
199.76.36.0/23,"Blocked AS3549"
199.76.40.0/24,"Blocked AS3549"
199.76.42.0/23,"Blocked AS3549"
199.76.44.0/24,"Blocked AS3549"
199.76.46.0/23,"Blocked AS3549"
199.76.48.0/20,"Blocked AS3549"
199.76.64.0/21,"Blocked AS3549"
199.76.72.0/23,"Blocked AS3549"
199.76.74.0/24,"Blocked AS3549"
199.76.76.0/22,"Blocked AS3549"
199.76.80.0/21,"Blocked AS3549"
199.76.88.0/22,"Blocked AS3549"
199.76.92.0/24,"Blocked AS3549"
199.76.94.0/23,"Blocked AS3549"
199.76.97.0/24,"Blocked AS3549"
199.76.98.0/24,"Blocked AS3549"
199.76.100.0/24,"Blocked AS3549"
199.76.108.0/24,"Blocked AS3549"
199.76.114.0/23,"Blocked AS3549"
199.76.119.0/24,"Blocked AS3549"
199.76.122.0/23,"Blocked AS3549"
199.76.124.0/24,"Blocked AS3549"
199.76.126.0/23,"Blocked AS3549"
199.77.0.0/18,"Blocked AS3549"
199.77.128.0/22,"Blocked AS3549"
199.77.136.0/23,"Blocked AS3549"
199.77.140.0/22,"Blocked AS3549"
199.77.144.0/20,"Blocked AS3549"
199.77.160.0/19,"Blocked AS3549"
199.77.192.0/23,"Blocked AS3549"
199.77.195.0/24,"Blocked AS3549"
199.77.196.0/22,"Blocked AS3549"
199.77.200.0/23,"Blocked AS3549"
199.77.203.0/24,"Blocked AS3549"
199.77.208.0/20,"Blocked AS3549"
199.77.224.0/19,"Blocked AS3549"
199.79.203.0/24,"Blocked AS3549"
199.88.143.0/24,"Blocked AS3549"
199.165.204.0/23,"Blocked AS3549"
199.181.179.0/24,"Blocked AS3549"
199.181.205.0/24,"Blocked AS3549"
199.227.0.0/19,"Blocked AS3549"
199.227.32.0/24,"Blocked AS3549"
199.227.34.0/23,"Blocked AS3549"
199.227.36.0/23,"Blocked AS3549"
199.227.38.0/24,"Blocked AS3549"
199.227.40.0/21,"Blocked AS3549"
199.227.48.0/22,"Blocked AS3549"
199.227.52.0/23,"Blocked AS3549"
199.227.55.0/24,"Blocked AS3549"
199.227.56.0/21,"Blocked AS3549"
199.227.64.0/20,"Blocked AS3549"
199.227.80.0/22,"Blocked AS3549"
199.227.85.0/24,"Blocked AS3549"
199.227.87.0/24,"Blocked AS3549"
199.227.88.0/21,"Blocked AS3549"
199.227.96.0/20,"Blocked AS3549"
199.227.115.0/24,"Blocked AS3549"
199.227.116.0/22,"Blocked AS3549"
199.227.120.0/21,"Blocked AS3549"
199.227.128.0/23,"Blocked AS3549"
199.227.131.0/24,"Blocked AS3549"
199.227.132.0/22,"Blocked AS3549"
199.227.136.0/21,"Blocked AS3549"
199.227.144.0/20,"Blocked AS3549"
199.227.160.0/23,"Blocked AS3549"
199.227.163.0/24,"Blocked AS3549"
199.227.164.0/22,"Blocked AS3549"
199.227.168.0/21,"Blocked AS3549"
199.227.177.0/24,"Blocked AS3549"
199.227.178.0/23,"Blocked AS3549"
199.227.180.0/22,"Blocked AS3549"
199.227.184.0/21,"Blocked AS3549"
199.227.192.0/22,"Blocked AS3549"
199.227.196.0/23,"Blocked AS3549"
199.227.198.0/24,"Blocked AS3549"
199.227.200.0/21,"Blocked AS3549"
199.227.208.0/22,"Blocked AS3549"
199.227.212.0/23,"Blocked AS3549"
199.227.214.0/24,"Blocked AS3549"
199.227.216.0/23,"Blocked AS3549"
199.227.219.0/24,"Blocked AS3549"
199.227.220.0/22,"Blocked AS3549"
199.227.224.0/19,"Blocked AS3549"
199.244.155.0/24,"Blocked AS3549"
199.244.156.0/24,"Blocked AS3549"
199.248.226.0/24,"Blocked AS3549"
199.248.251.0/24,"Blocked AS3549"
200.0.126.0/24,"Blocked AS3549"
200.0.194.0/23,"Blocked AS3549"
200.0.196.0/23,"Blocked AS3549"
200.1.129.0/24,"Blocked AS3549"
200.3.102.0/24,"Blocked AS3549"
200.5.167.0/24,"Blocked AS3549"
200.9.80.0/24,"Blocked AS3549"
200.9.237.0/24,"Blocked AS3549"
200.14.34.0/24,"Blocked AS3549"
200.16.75.0/24,"Blocked AS3549"
200.31.0.0/19,"Blocked AS3549"
200.32.64.0/24,"Blocked AS3549"
200.32.68.0/22,"Blocked AS3549"
200.32.72.0/23,"Blocked AS3549"
200.32.74.0/24,"Blocked AS3549"
200.32.76.0/23,"Blocked AS3549"
200.32.79.0/24,"Blocked AS3549"
200.32.80.0/20,"Blocked AS3549"
200.32.96.0/20,"Blocked AS3549"
200.32.112.0/22,"Blocked AS3549"
200.32.116.0/24,"Blocked AS3549"
200.32.118.0/23,"Blocked AS3549"
200.32.120.0/21,"Blocked AS3549"
200.41.0.0/22,"Blocked AS3549"
200.41.5.0/24,"Blocked AS3549"
200.41.6.0/23,"Blocked AS3549"
200.41.9.0/24,"Blocked AS3549"
200.41.10.0/23,"Blocked AS3549"
200.41.12.0/22,"Blocked AS3549"
200.41.16.0/24,"Blocked AS3549"
200.41.18.0/23,"Blocked AS3549"
200.41.22.0/23,"Blocked AS3549"
200.41.24.0/21,"Blocked AS3549"
200.41.32.0/23,"Blocked AS3549"
200.41.35.0/24,"Blocked AS3549"
200.41.38.0/23,"Blocked AS3549"
200.41.40.0/21,"Blocked AS3549"
200.41.48.0/24,"Blocked AS3549"
200.41.50.0/23,"Blocked AS3549"
200.41.52.0/24,"Blocked AS3549"
200.41.54.0/23,"Blocked AS3549"
200.41.56.0/21,"Blocked AS3549"
200.41.64.0/20,"Blocked AS3549"
200.41.80.0/22,"Blocked AS3549"
200.41.87.0/24,"Blocked AS3549"
200.41.88.0/22,"Blocked AS3549"
200.41.94.0/23,"Blocked AS3549"
200.41.96.0/22,"Blocked AS3549"
200.41.101.0/24,"Blocked AS3549"
200.41.102.0/23,"Blocked AS3549"
200.41.104.0/21,"Blocked AS3549"
200.41.112.0/22,"Blocked AS3549"
200.41.116.0/24,"Blocked AS3549"
200.41.118.0/23,"Blocked AS3549"
200.41.120.0/24,"Blocked AS3549"
200.41.122.0/23,"Blocked AS3549"
200.41.124.0/22,"Blocked AS3549"
200.49.0.0/24,"Blocked AS3549"
200.49.2.0/23,"Blocked AS3549"
200.49.4.0/22,"Blocked AS3549"
200.49.8.0/21,"Blocked AS3549"
200.55.0.0/20,"Blocked AS3549"
200.55.16.0/23,"Blocked AS3549"
200.55.18.0/24,"Blocked AS3549"
200.55.20.0/22,"Blocked AS3549"
200.55.24.0/23,"Blocked AS3549"
200.55.27.0/24,"Blocked AS3549"
200.55.29.0/24,"Blocked AS3549"
200.55.30.0/23,"Blocked AS3549"
200.55.32.0/19,"Blocked AS3549"
200.186.0.0/23,"Blocked AS3549"
200.186.2.0/24,"Blocked AS3549"
200.186.4.0/22,"Blocked AS3549"
200.186.8.0/21,"Blocked AS3549"
200.186.16.0/20,"Blocked AS3549"
200.186.32.0/22,"Blocked AS3549"
200.186.36.0/23,"Blocked AS3549"
200.186.38.0/24,"Blocked AS3549"
200.186.40.0/21,"Blocked AS3549"
200.186.48.0/20,"Blocked AS3549"
200.186.64.0/23,"Blocked AS3549"
200.186.66.0/24,"Blocked AS3549"
200.186.68.0/22,"Blocked AS3549"
200.186.72.0/21,"Blocked AS3549"
200.186.80.0/20,"Blocked AS3549"
200.186.96.0/20,"Blocked AS3549"
200.186.112.0/22,"Blocked AS3549"
200.186.116.0/23,"Blocked AS3549"
200.186.118.0/24,"Blocked AS3549"
200.186.120.0/21,"Blocked AS3549"
200.186.128.0/19,"Blocked AS3549"
200.186.161.0/24,"Blocked AS3549"
200.186.162.0/23,"Blocked AS3549"
200.186.164.0/22,"Blocked AS3549"
200.186.168.0/21,"Blocked AS3549"
200.186.176.0/23,"Blocked AS3549"
200.186.178.0/24,"Blocked AS3549"
200.186.181.0/24,"Blocked AS3549"
200.186.182.0/23,"Blocked AS3549"
200.186.184.0/21,"Blocked AS3549"
200.186.192.0/19,"Blocked AS3549"
200.186.224.0/20,"Blocked AS3549"
200.186.240.0/22,"Blocked AS3549"
200.186.245.0/24,"Blocked AS3549"
200.186.246.0/23,"Blocked AS3549"
200.186.248.0/23,"Blocked AS3549"
200.186.250.0/24,"Blocked AS3549"
200.186.252.0/22,"Blocked AS3549"
200.189.192.0/18,"Blocked AS3549"
200.194.192.0/19,"Blocked AS3549"
200.196.64.0/22,"Blocked AS3549"
200.196.68.0/23,"Blocked AS3549"
200.196.70.0/24,"Blocked AS3549"
200.196.72.0/21,"Blocked AS3549"
200.196.80.0/20,"Blocked AS3549"
201.71.2.0/23,"Blocked AS3549"
201.139.26.0/24,"Blocked AS3549"
201.234.0.0/23,"Blocked AS3549"
201.234.2.0/24,"Blocked AS3549"
201.234.4.0/23,"Blocked AS3549"
201.234.7.0/24,"Blocked AS3549"
201.234.8.0/24,"Blocked AS3549"
201.234.10.0/23,"Blocked AS3549"
201.234.12.0/22,"Blocked AS3549"
201.234.16.0/23,"Blocked AS3549"
201.234.18.0/24,"Blocked AS3549"
201.234.20.0/22,"Blocked AS3549"
201.234.25.0/24,"Blocked AS3549"
201.234.26.0/23,"Blocked AS3549"
201.234.28.0/22,"Blocked AS3549"
201.234.34.0/23,"Blocked AS3549"
201.234.36.0/23,"Blocked AS3549"
201.234.41.0/24,"Blocked AS3549"
201.234.42.0/23,"Blocked AS3549"
201.234.45.0/24,"Blocked AS3549"
201.234.47.0/24,"Blocked AS3549"
201.234.48.0/20,"Blocked AS3549"
201.234.65.0/24,"Blocked AS3549"
201.234.66.0/23,"Blocked AS3549"
201.234.68.0/22,"Blocked AS3549"
201.234.72.0/21,"Blocked AS3549"
201.234.81.0/24,"Blocked AS3549"
201.234.82.0/23,"Blocked AS3549"
201.234.84.0/22,"Blocked AS3549"
201.234.88.0/23,"Blocked AS3549"
201.234.92.0/22,"Blocked AS3549"
201.234.96.0/22,"Blocked AS3549"
201.234.100.0/24,"Blocked AS3549"
201.234.102.0/23,"Blocked AS3549"
201.234.105.0/24,"Blocked AS3549"
201.234.106.0/23,"Blocked AS3549"
201.234.108.0/22,"Blocked AS3549"
201.234.112.0/20,"Blocked AS3549"
201.234.128.0/19,"Blocked AS3549"
201.234.160.0/20,"Blocked AS3549"
201.234.176.0/22,"Blocked AS3549"
201.234.180.0/24,"Blocked AS3549"
201.234.182.0/23,"Blocked AS3549"
201.234.184.0/21,"Blocked AS3549"
201.234.192.0/21,"Blocked AS3549"
201.234.200.0/22,"Blocked AS3549"
201.234.204.0/23,"Blocked AS3549"
201.234.207.0/24,"Blocked AS3549"
201.234.208.0/20,"Blocked AS3549"
201.234.225.0/24,"Blocked AS3549"
201.234.226.0/24,"Blocked AS3549"
201.234.228.0/24,"Blocked AS3549"
201.234.230.0/23,"Blocked AS3549"
201.234.232.0/23,"Blocked AS3549"
201.234.234.0/24,"Blocked AS3549"
201.234.236.0/23,"Blocked AS3549"
201.234.238.0/24,"Blocked AS3549"
201.234.240.0/21,"Blocked AS3549"
201.234.248.0/24,"Blocked AS3549"
201.234.250.0/24,"Blocked AS3549"
201.234.252.0/24,"Blocked AS3549"
201.234.254.0/23,"Blocked AS3549"
204.57.64.0/22,"Blocked AS3549"
204.57.69.0/24,"Blocked AS3549"
204.57.71.0/24,"Blocked AS3549"
204.57.73.0/24,"Blocked AS3549"
204.57.75.0/24,"Blocked AS3549"
204.57.78.0/23,"Blocked AS3549"
204.57.80.0/24,"Blocked AS3549"
204.57.82.0/23,"Blocked AS3549"
204.57.86.0/23,"Blocked AS3549"
204.57.92.0/23,"Blocked AS3549"
204.57.96.0/21,"Blocked AS3549"
204.57.108.0/24,"Blocked AS3549"
204.57.110.0/23,"Blocked AS3549"
204.57.115.0/24,"Blocked AS3549"
204.57.116.0/22,"Blocked AS3549"
204.68.50.0/24,"Blocked AS3549"
204.80.149.0/24,"Blocked AS3549"
204.89.225.0/24,"Blocked AS3549"
204.95.160.0/24,"Blocked AS3549"
204.105.88.0/22,"Blocked AS3549"
204.199.0.0/22,"Blocked AS3549"
204.199.5.0/24,"Blocked AS3549"
204.199.6.0/23,"Blocked AS3549"
204.199.8.0/24,"Blocked AS3549"
204.199.10.0/24,"Blocked AS3549"
204.199.13.0/24,"Blocked AS3549"
204.199.14.0/23,"Blocked AS3549"
204.199.16.0/20,"Blocked AS3549"
204.199.32.0/21,"Blocked AS3549"
204.199.40.0/22,"Blocked AS3549"
204.199.44.0/23,"Blocked AS3549"
204.199.46.0/24,"Blocked AS3549"
204.199.48.0/20,"Blocked AS3549"
204.199.64.0/22,"Blocked AS3549"
204.199.69.0/24,"Blocked AS3549"
204.199.70.0/23,"Blocked AS3549"
204.199.72.0/21,"Blocked AS3549"
204.199.80.0/23,"Blocked AS3549"
204.199.82.0/24,"Blocked AS3549"
204.199.84.0/22,"Blocked AS3549"
204.199.88.0/21,"Blocked AS3549"
204.199.96.0/19,"Blocked AS3549"
204.199.128.0/20,"Blocked AS3549"
204.199.144.0/23,"Blocked AS3549"
204.199.147.0/24,"Blocked AS3549"
204.199.148.0/23,"Blocked AS3549"
204.199.150.0/24,"Blocked AS3549"
204.199.152.0/21,"Blocked AS3549"
204.199.160.0/21,"Blocked AS3549"
204.199.169.0/24,"Blocked AS3549"
204.199.170.0/24,"Blocked AS3549"
204.199.172.0/23,"Blocked AS3549"
204.199.175.0/24,"Blocked AS3549"
204.199.176.0/20,"Blocked AS3549"
204.199.192.0/23,"Blocked AS3549"
204.199.194.0/24,"Blocked AS3549"
204.199.196.0/22,"Blocked AS3549"
204.199.200.0/22,"Blocked AS3549"
204.199.204.0/23,"Blocked AS3549"
204.199.207.0/24,"Blocked AS3549"
204.199.208.0/23,"Blocked AS3549"
204.199.210.0/24,"Blocked AS3549"
204.199.212.0/22,"Blocked AS3549"
204.199.216.0/21,"Blocked AS3549"
204.199.224.0/21,"Blocked AS3549"
204.199.240.0/20,"Blocked AS3549"
204.245.1.0/24,"Blocked AS3549"
204.245.2.0/23,"Blocked AS3549"
204.245.4.0/22,"Blocked AS3549"
204.245.8.0/21,"Blocked AS3549"
204.245.16.0/21,"Blocked AS3549"
204.245.24.0/23,"Blocked AS3549"
204.245.26.0/24,"Blocked AS3549"
204.245.28.0/22,"Blocked AS3549"
204.245.32.0/20,"Blocked AS3549"
204.245.48.0/21,"Blocked AS3549"
204.245.56.0/23,"Blocked AS3549"
204.245.59.0/24,"Blocked AS3549"
204.245.60.0/22,"Blocked AS3549"
204.246.192.0/19,"Blocked AS3549"
204.246.224.0/23,"Blocked AS3549"
204.246.227.0/24,"Blocked AS3549"
204.246.228.0/24,"Blocked AS3549"
204.246.230.0/23,"Blocked AS3549"
204.246.232.0/21,"Blocked AS3549"
204.246.240.0/22,"Blocked AS3549"
204.246.244.0/23,"Blocked AS3549"
204.246.247.0/24,"Blocked AS3549"
204.246.248.0/21,"Blocked AS3549"
205.141.35.0/24,"Blocked AS3549"
205.141.36.0/24,"Blocked AS3549"
205.141.62.0/23,"Blocked AS3549"
205.175.238.0/24,"Blocked AS3549"
205.175.243.0/24,"Blocked AS3549"
206.15.64.0/22,"Blocked AS3549"
206.15.69.0/24,"Blocked AS3549"
206.15.70.0/23,"Blocked AS3549"
206.15.72.0/21,"Blocked AS3549"
206.15.80.0/21,"Blocked AS3549"
206.15.88.0/24,"Blocked AS3549"
206.15.90.0/23,"Blocked AS3549"
206.15.92.0/22,"Blocked AS3549"
206.41.0.0/20,"Blocked AS3549"
206.41.16.0/21,"Blocked AS3549"
206.41.24.0/23,"Blocked AS3549"
206.41.26.0/24,"Blocked AS3549"
206.41.28.0/22,"Blocked AS3549"
206.57.0.0/21,"Blocked AS3549"
206.57.8.0/22,"Blocked AS3549"
206.57.12.0/23,"Blocked AS3549"
206.57.14.0/24,"Blocked AS3549"
206.57.16.0/23,"Blocked AS3549"
206.57.18.0/24,"Blocked AS3549"
206.57.20.0/22,"Blocked AS3549"
206.57.24.0/21,"Blocked AS3549"
206.57.32.0/22,"Blocked AS3549"
206.57.37.0/24,"Blocked AS3549"
206.57.38.0/23,"Blocked AS3549"
206.57.42.0/23,"Blocked AS3549"
206.57.44.0/22,"Blocked AS3549"
206.57.48.0/21,"Blocked AS3549"
206.57.56.0/22,"Blocked AS3549"
206.57.61.0/24,"Blocked AS3549"
206.57.62.0/23,"Blocked AS3549"
206.57.64.0/21,"Blocked AS3549"
206.57.81.0/24,"Blocked AS3549"
206.57.82.0/23,"Blocked AS3549"
206.57.84.0/22,"Blocked AS3549"
206.57.88.0/21,"Blocked AS3549"
206.57.96.0/19,"Blocked AS3549"
206.80.0.0/21,"Blocked AS3549"
206.80.8.0/22,"Blocked AS3549"
206.80.12.0/23,"Blocked AS3549"
206.80.15.0/24,"Blocked AS3549"
206.80.16.0/23,"Blocked AS3549"
206.80.19.0/24,"Blocked AS3549"
206.80.20.0/22,"Blocked AS3549"
206.80.24.0/22,"Blocked AS3549"
206.81.232.0/24,"Blocked AS3549"
206.81.252.0/24,"Blocked AS3549"
206.132.64.0/20,"Blocked AS3549"
206.132.80.0/21,"Blocked AS3549"
206.132.88.0/22,"Blocked AS3549"
206.132.92.0/23,"Blocked AS3549"
206.132.95.0/24,"Blocked AS3549"
206.132.96.0/23,"Blocked AS3549"
206.132.98.0/24,"Blocked AS3549"
206.132.100.0/22,"Blocked AS3549"
206.132.104.0/22,"Blocked AS3549"
206.132.108.0/24,"Blocked AS3549"
206.132.110.0/23,"Blocked AS3549"
206.132.112.0/20,"Blocked AS3549"
206.132.192.0/21,"Blocked AS3549"
206.132.200.0/23,"Blocked AS3549"
206.132.203.0/24,"Blocked AS3549"
206.132.205.0/24,"Blocked AS3549"
206.132.206.0/23,"Blocked AS3549"
206.132.208.0/20,"Blocked AS3549"
206.132.228.0/22,"Blocked AS3549"
206.132.232.0/23,"Blocked AS3549"
206.132.234.0/24,"Blocked AS3549"
206.132.236.0/22,"Blocked AS3549"
206.132.240.0/20,"Blocked AS3549"
206.165.0.0/19,"Blocked AS3549"
206.165.32.0/20,"Blocked AS3549"
206.165.48.0/23,"Blocked AS3549"
206.165.50.0/24,"Blocked AS3549"
206.165.52.0/22,"Blocked AS3549"
206.165.56.0/21,"Blocked AS3549"
206.165.64.0/19,"Blocked AS3549"
206.165.96.0/22,"Blocked AS3549"
206.165.100.0/23,"Blocked AS3549"
206.165.103.0/24,"Blocked AS3549"
206.165.105.0/24,"Blocked AS3549"
206.165.108.0/22,"Blocked AS3549"
206.165.112.0/20,"Blocked AS3549"
206.165.128.0/20,"Blocked AS3549"
206.165.144.0/21,"Blocked AS3549"
206.165.154.0/23,"Blocked AS3549"
206.165.156.0/22,"Blocked AS3549"
206.165.160.0/19,"Blocked AS3549"
206.165.192.0/21,"Blocked AS3549"
206.165.200.0/22,"Blocked AS3549"
206.165.206.0/23,"Blocked AS3549"
206.165.208.0/21,"Blocked AS3549"
206.165.216.0/23,"Blocked AS3549"
206.165.218.0/24,"Blocked AS3549"
206.165.222.0/23,"Blocked AS3549"
206.165.224.0/20,"Blocked AS3549"
206.165.248.0/22,"Blocked AS3549"
206.165.252.0/23,"Blocked AS3549"
206.165.254.0/24,"Blocked AS3549"
206.169.0.0/22,"Blocked AS3549"
206.169.4.0/23,"Blocked AS3549"
206.169.7.0/24,"Blocked AS3549"
206.169.8.0/21,"Blocked AS3549"
206.169.16.0/20,"Blocked AS3549"
206.169.32.0/22,"Blocked AS3549"
206.169.36.0/23,"Blocked AS3549"
206.169.40.0/22,"Blocked AS3549"
206.169.45.0/24,"Blocked AS3549"
206.169.48.0/20,"Blocked AS3549"
206.169.65.0/24,"Blocked AS3549"
206.169.66.0/24,"Blocked AS3549"
206.169.68.0/22,"Blocked AS3549"
206.169.72.0/23,"Blocked AS3549"
206.169.75.0/24,"Blocked AS3549"
206.169.76.0/24,"Blocked AS3549"
206.169.78.0/23,"Blocked AS3549"
206.169.80.0/23,"Blocked AS3549"
206.169.83.0/24,"Blocked AS3549"
206.169.84.0/22,"Blocked AS3549"
206.169.88.0/24,"Blocked AS3549"
206.169.90.0/23,"Blocked AS3549"
206.169.92.0/22,"Blocked AS3549"
206.169.96.0/20,"Blocked AS3549"
206.169.112.0/23,"Blocked AS3549"
206.169.115.0/24,"Blocked AS3549"
206.169.116.0/22,"Blocked AS3549"
206.169.122.0/23,"Blocked AS3549"
206.169.124.0/22,"Blocked AS3549"
206.169.128.0/22,"Blocked AS3549"
206.169.132.0/24,"Blocked AS3549"
206.169.136.0/22,"Blocked AS3549"
206.169.144.0/22,"Blocked AS3549"
206.169.148.0/24,"Blocked AS3549"
206.169.150.0/23,"Blocked AS3549"
206.169.153.0/24,"Blocked AS3549"
206.169.154.0/23,"Blocked AS3549"
206.169.156.0/22,"Blocked AS3549"
206.169.161.0/24,"Blocked AS3549"
206.169.164.0/22,"Blocked AS3549"
206.169.168.0/23,"Blocked AS3549"
206.169.170.0/24,"Blocked AS3549"
206.169.172.0/22,"Blocked AS3549"
206.169.176.0/21,"Blocked AS3549"
206.169.184.0/22,"Blocked AS3549"
206.169.188.0/23,"Blocked AS3549"
206.169.191.0/24,"Blocked AS3549"
206.169.192.0/21,"Blocked AS3549"
206.169.200.0/22,"Blocked AS3549"
206.169.204.0/23,"Blocked AS3549"
206.169.207.0/24,"Blocked AS3549"
206.169.208.0/23,"Blocked AS3549"
206.169.210.0/24,"Blocked AS3549"
206.169.213.0/24,"Blocked AS3549"
206.169.214.0/23,"Blocked AS3549"
206.169.216.0/24,"Blocked AS3549"
206.169.220.0/22,"Blocked AS3549"
206.169.224.0/21,"Blocked AS3549"
206.169.232.0/24,"Blocked AS3549"
206.169.234.0/23,"Blocked AS3549"
206.169.236.0/23,"Blocked AS3549"
206.169.238.0/24,"Blocked AS3549"
206.169.240.0/23,"Blocked AS3549"
206.169.243.0/24,"Blocked AS3549"
206.169.244.0/22,"Blocked AS3549"
206.169.248.0/22,"Blocked AS3549"
206.169.254.0/23,"Blocked AS3549"
206.190.64.0/23,"Blocked AS3549"
206.190.66.0/24,"Blocked AS3549"
206.190.68.0/22,"Blocked AS3549"
206.190.72.0/23,"Blocked AS3549"
206.190.75.0/24,"Blocked AS3549"
206.190.77.0/24,"Blocked AS3549"
206.190.78.0/23,"Blocked AS3549"
206.190.80.0/24,"Blocked AS3549"
206.190.82.0/23,"Blocked AS3549"
206.190.85.0/24,"Blocked AS3549"
206.190.86.0/23,"Blocked AS3549"
206.190.88.0/21,"Blocked AS3549"
206.216.112.0/23,"Blocked AS3549"
206.216.115.0/24,"Blocked AS3549"
206.216.116.0/22,"Blocked AS3549"
206.216.120.0/21,"Blocked AS3549"
206.222.96.0/20,"Blocked AS3549"
206.222.112.0/24,"Blocked AS3549"
206.222.114.0/23,"Blocked AS3549"
206.222.116.0/22,"Blocked AS3549"
206.222.120.0/21,"Blocked AS3549"
207.67.0.0/22,"Blocked AS3549"
207.67.4.0/23,"Blocked AS3549"
207.67.6.0/24,"Blocked AS3549"
207.67.8.0/24,"Blocked AS3549"
207.67.10.0/23,"Blocked AS3549"
207.67.12.0/22,"Blocked AS3549"
207.67.16.0/23,"Blocked AS3549"
207.67.19.0/24,"Blocked AS3549"
207.67.20.0/23,"Blocked AS3549"
207.67.23.0/24,"Blocked AS3549"
207.67.25.0/24,"Blocked AS3549"
207.67.26.0/23,"Blocked AS3549"
207.67.28.0/24,"Blocked AS3549"
207.67.30.0/24,"Blocked AS3549"
207.67.32.0/22,"Blocked AS3549"
207.67.37.0/24,"Blocked AS3549"
207.67.40.0/23,"Blocked AS3549"
207.67.43.0/24,"Blocked AS3549"
207.67.44.0/23,"Blocked AS3549"
207.67.46.0/24,"Blocked AS3549"
207.67.48.0/21,"Blocked AS3549"
207.67.60.0/23,"Blocked AS3549"
207.67.63.0/24,"Blocked AS3549"
207.67.64.0/24,"Blocked AS3549"
207.67.66.0/23,"Blocked AS3549"
207.67.69.0/24,"Blocked AS3549"
207.67.70.0/23,"Blocked AS3549"
207.67.72.0/23,"Blocked AS3549"
207.67.76.0/22,"Blocked AS3549"
207.67.81.0/24,"Blocked AS3549"
207.67.83.0/24,"Blocked AS3549"
207.67.84.0/22,"Blocked AS3549"
207.67.89.0/24,"Blocked AS3549"
207.67.90.0/23,"Blocked AS3549"
207.67.92.0/24,"Blocked AS3549"
207.67.94.0/23,"Blocked AS3549"
207.67.96.0/23,"Blocked AS3549"
207.67.98.0/24,"Blocked AS3549"
207.67.100.0/22,"Blocked AS3549"
207.67.104.0/22,"Blocked AS3549"
207.67.108.0/24,"Blocked AS3549"
207.67.110.0/23,"Blocked AS3549"
207.67.113.0/24,"Blocked AS3549"
207.67.114.0/23,"Blocked AS3549"
207.67.116.0/22,"Blocked AS3549"
207.67.120.0/21,"Blocked AS3549"
207.71.0.0/22,"Blocked AS3549"
207.71.4.0/24,"Blocked AS3549"
207.71.6.0/23,"Blocked AS3549"
207.71.8.0/24,"Blocked AS3549"
207.71.10.0/23,"Blocked AS3549"
207.71.14.0/23,"Blocked AS3549"
207.71.16.0/22,"Blocked AS3549"
207.71.24.0/22,"Blocked AS3549"
207.71.28.0/24,"Blocked AS3549"
207.71.30.0/23,"Blocked AS3549"
207.71.33.0/24,"Blocked AS3549"
207.71.34.0/23,"Blocked AS3549"
207.71.36.0/22,"Blocked AS3549"
207.71.41.0/24,"Blocked AS3549"
207.71.42.0/23,"Blocked AS3549"
207.71.44.0/22,"Blocked AS3549"
207.71.49.0/24,"Blocked AS3549"
207.71.50.0/23,"Blocked AS3549"
207.71.52.0/23,"Blocked AS3549"
207.71.55.0/24,"Blocked AS3549"
207.71.56.0/21,"Blocked AS3549"
207.114.128.0/21,"Blocked AS3549"
207.114.136.0/23,"Blocked AS3549"
207.114.138.0/24,"Blocked AS3549"
207.114.140.0/22,"Blocked AS3549"
207.114.144.0/24,"Blocked AS3549"
207.114.146.0/23,"Blocked AS3549"
207.114.148.0/23,"Blocked AS3549"
207.114.152.0/22,"Blocked AS3549"
207.114.156.0/23,"Blocked AS3549"
207.114.158.0/24,"Blocked AS3549"
207.114.161.0/24,"Blocked AS3549"
207.114.162.0/23,"Blocked AS3549"
207.114.164.0/23,"Blocked AS3549"
207.114.168.0/22,"Blocked AS3549"
207.114.172.0/23,"Blocked AS3549"
207.114.176.0/24,"Blocked AS3549"
207.114.178.0/23,"Blocked AS3549"
207.114.180.0/23,"Blocked AS3549"
207.114.182.0/24,"Blocked AS3549"
207.114.184.0/22,"Blocked AS3549"
207.114.188.0/23,"Blocked AS3549"
207.114.191.0/24,"Blocked AS3549"
207.114.192.0/24,"Blocked AS3549"
207.114.194.0/23,"Blocked AS3549"
207.114.197.0/24,"Blocked AS3549"
207.114.200.0/23,"Blocked AS3549"
207.114.203.0/24,"Blocked AS3549"
207.114.204.0/22,"Blocked AS3549"
207.114.208.0/21,"Blocked AS3549"
207.114.216.0/22,"Blocked AS3549"
207.114.220.0/23,"Blocked AS3549"
207.114.222.0/24,"Blocked AS3549"
207.114.224.0/21,"Blocked AS3549"
207.114.232.0/23,"Blocked AS3549"
207.114.235.0/24,"Blocked AS3549"
207.114.236.0/22,"Blocked AS3549"
207.114.240.0/21,"Blocked AS3549"
207.114.248.0/23,"Blocked AS3549"
207.114.250.0/24,"Blocked AS3549"
207.114.252.0/22,"Blocked AS3549"
207.120.42.0/24,"Blocked AS3549"
207.136.160.0/19,"Blocked AS3549"
207.138.0.0/19,"Blocked AS3549"
207.138.32.0/22,"Blocked AS3549"
207.138.40.0/21,"Blocked AS3549"
207.138.48.0/21,"Blocked AS3549"
207.138.64.0/21,"Blocked AS3549"
207.138.72.0/22,"Blocked AS3549"
207.138.76.0/23,"Blocked AS3549"
207.138.78.0/24,"Blocked AS3549"
207.138.80.0/23,"Blocked AS3549"
207.138.83.0/24,"Blocked AS3549"
207.138.84.0/22,"Blocked AS3549"
207.138.88.0/21,"Blocked AS3549"
207.138.96.0/21,"Blocked AS3549"
207.138.108.0/22,"Blocked AS3549"
207.138.112.0/20,"Blocked AS3549"
207.138.128.0/21,"Blocked AS3549"
207.138.136.0/22,"Blocked AS3549"
207.138.140.0/24,"Blocked AS3549"
207.138.142.0/23,"Blocked AS3549"
207.138.144.0/20,"Blocked AS3549"
207.138.160.0/21,"Blocked AS3549"
207.138.168.0/22,"Blocked AS3549"
207.138.172.0/23,"Blocked AS3549"
207.138.174.0/24,"Blocked AS3549"
207.138.176.0/20,"Blocked AS3549"
207.138.224.0/21,"Blocked AS3549"
207.138.232.0/24,"Blocked AS3549"
207.138.234.0/23,"Blocked AS3549"
207.138.236.0/22,"Blocked AS3549"
207.138.240.0/21,"Blocked AS3549"
207.138.248.0/22,"Blocked AS3549"
207.138.252.0/23,"Blocked AS3549"
207.138.254.0/24,"Blocked AS3549"
207.170.192.0/19,"Blocked AS3549"
207.170.224.0/22,"Blocked AS3549"
207.170.229.0/24,"Blocked AS3549"
207.170.230.0/23,"Blocked AS3549"
207.170.232.0/21,"Blocked AS3549"
207.170.240.0/21,"Blocked AS3549"
207.170.248.0/22,"Blocked AS3549"
207.170.252.0/23,"Blocked AS3549"
207.191.0.0/21,"Blocked AS3549"
207.191.8.0/22,"Blocked AS3549"
207.191.15.0/24,"Blocked AS3549"
207.191.16.0/20,"Blocked AS3549"
207.191.32.0/24,"Blocked AS3549"
207.191.34.0/23,"Blocked AS3549"
207.191.36.0/22,"Blocked AS3549"
207.191.40.0/22,"Blocked AS3549"
207.191.44.0/23,"Blocked AS3549"
207.191.46.0/24,"Blocked AS3549"
207.191.48.0/22,"Blocked AS3549"
207.191.52.0/23,"Blocked AS3549"
207.191.55.0/24,"Blocked AS3549"
207.191.56.0/21,"Blocked AS3549"
207.191.64.0/21,"Blocked AS3549"
207.191.73.0/24,"Blocked AS3549"
207.191.74.0/23,"Blocked AS3549"
207.191.76.0/22,"Blocked AS3549"
207.191.80.0/20,"Blocked AS3549"
207.191.96.0/22,"Blocked AS3549"
207.191.100.0/23,"Blocked AS3549"
207.191.103.0/24,"Blocked AS3549"
207.191.105.0/24,"Blocked AS3549"
207.191.106.0/23,"Blocked AS3549"
207.191.108.0/24,"Blocked AS3549"
207.191.110.0/23,"Blocked AS3549"
207.191.112.0/21,"Blocked AS3549"
207.191.120.0/23,"Blocked AS3549"
207.191.123.0/24,"Blocked AS3549"
207.191.124.0/23,"Blocked AS3549"
207.191.127.0/24,"Blocked AS3549"
207.201.192.0/22,"Blocked AS3549"
207.201.196.0/24,"Blocked AS3549"
207.201.199.0/24,"Blocked AS3549"
207.201.200.0/23,"Blocked AS3549"
207.201.204.0/22,"Blocked AS3549"
207.201.209.0/24,"Blocked AS3549"
207.201.210.0/23,"Blocked AS3549"
207.201.212.0/24,"Blocked AS3549"
207.201.220.0/22,"Blocked AS3549"
207.201.225.0/24,"Blocked AS3549"
207.201.226.0/23,"Blocked AS3549"
207.201.228.0/24,"Blocked AS3549"
207.201.230.0/23,"Blocked AS3549"
207.201.232.0/22,"Blocked AS3549"
207.201.236.0/24,"Blocked AS3549"
207.201.238.0/23,"Blocked AS3549"
207.201.240.0/21,"Blocked AS3549"
207.201.248.0/24,"Blocked AS3549"
207.201.250.0/23,"Blocked AS3549"
207.201.252.0/22,"Blocked AS3549"
207.218.0.0/19,"Blocked AS3549"
207.218.32.0/21,"Blocked AS3549"
207.218.40.0/22,"Blocked AS3549"
207.218.46.0/23,"Blocked AS3549"
207.218.48.0/20,"Blocked AS3549"
207.218.64.0/21,"Blocked AS3549"
207.218.72.0/22,"Blocked AS3549"
207.218.77.0/24,"Blocked AS3549"
207.218.78.0/23,"Blocked AS3549"
207.218.80.0/20,"Blocked AS3549"
207.218.96.0/22,"Blocked AS3549"
207.218.101.0/24,"Blocked AS3549"
207.218.102.0/24,"Blocked AS3549"
207.218.104.0/21,"Blocked AS3549"
207.218.112.0/20,"Blocked AS3549"
207.218.136.0/21,"Blocked AS3549"
207.218.144.0/21,"Blocked AS3549"
207.218.152.0/23,"Blocked AS3549"
207.218.155.0/24,"Blocked AS3549"
207.218.156.0/22,"Blocked AS3549"
207.218.160.0/20,"Blocked AS3549"
207.218.176.0/22,"Blocked AS3549"
207.218.180.0/23,"Blocked AS3549"
207.218.183.0/24,"Blocked AS3549"
207.218.184.0/21,"Blocked AS3549"
207.235.0.0/23,"Blocked AS3549"
207.235.4.0/22,"Blocked AS3549"
207.235.8.0/22,"Blocked AS3549"
207.235.13.0/24,"Blocked AS3549"
207.235.14.0/23,"Blocked AS3549"
207.235.16.0/22,"Blocked AS3549"
207.235.28.0/22,"Blocked AS3549"
207.235.32.0/23,"Blocked AS3549"
207.235.38.0/23,"Blocked AS3549"
207.235.40.0/22,"Blocked AS3549"
207.235.44.0/23,"Blocked AS3549"
207.235.47.0/24,"Blocked AS3549"
207.235.48.0/22,"Blocked AS3549"
207.235.52.0/23,"Blocked AS3549"
207.235.55.0/24,"Blocked AS3549"
207.235.56.0/21,"Blocked AS3549"
207.235.64.0/22,"Blocked AS3549"
207.235.68.0/23,"Blocked AS3549"
207.235.71.0/24,"Blocked AS3549"
207.235.72.0/23,"Blocked AS3549"
207.235.77.0/24,"Blocked AS3549"
207.235.78.0/24,"Blocked AS3549"
207.235.80.0/21,"Blocked AS3549"
207.235.94.0/23,"Blocked AS3549"
207.235.96.0/20,"Blocked AS3549"
207.235.112.0/23,"Blocked AS3549"
207.235.116.0/22,"Blocked AS3549"
207.235.124.0/22,"Blocked AS3549"
207.250.0.0/20,"Blocked AS3549"
207.250.17.0/24,"Blocked AS3549"
207.250.18.0/23,"Blocked AS3549"
207.250.20.0/24,"Blocked AS3549"
207.250.22.0/23,"Blocked AS3549"
207.250.24.0/21,"Blocked AS3549"
207.250.32.0/20,"Blocked AS3549"
207.250.50.0/23,"Blocked AS3549"
207.250.52.0/22,"Blocked AS3549"
207.250.56.0/23,"Blocked AS3549"
207.250.58.0/24,"Blocked AS3549"
207.250.60.0/22,"Blocked AS3549"
207.250.64.0/22,"Blocked AS3549"
207.250.70.0/23,"Blocked AS3549"
207.250.72.0/24,"Blocked AS3549"
207.250.74.0/23,"Blocked AS3549"
207.250.76.0/22,"Blocked AS3549"
207.250.80.0/22,"Blocked AS3549"
207.250.84.0/23,"Blocked AS3549"
207.250.86.0/24,"Blocked AS3549"
207.250.88.0/24,"Blocked AS3549"
207.250.90.0/23,"Blocked AS3549"
207.250.92.0/23,"Blocked AS3549"
207.250.94.0/24,"Blocked AS3549"
207.250.96.0/23,"Blocked AS3549"
207.250.99.0/24,"Blocked AS3549"
207.250.100.0/22,"Blocked AS3549"
207.250.104.0/21,"Blocked AS3549"
207.250.112.0/23,"Blocked AS3549"
207.250.115.0/24,"Blocked AS3549"
207.250.116.0/22,"Blocked AS3549"
207.250.120.0/22,"Blocked AS3549"
207.250.125.0/24,"Blocked AS3549"
207.250.126.0/23,"Blocked AS3549"
207.250.129.0/24,"Blocked AS3549"
207.250.130.0/23,"Blocked AS3549"
207.250.132.0/22,"Blocked AS3549"
207.250.136.0/22,"Blocked AS3549"
207.250.140.0/23,"Blocked AS3549"
207.250.142.0/24,"Blocked AS3549"
207.250.144.0/21,"Blocked AS3549"
207.250.152.0/22,"Blocked AS3549"
207.250.156.0/23,"Blocked AS3549"
207.250.160.0/21,"Blocked AS3549"
207.250.168.0/22,"Blocked AS3549"
207.250.174.0/23,"Blocked AS3549"
207.250.176.0/22,"Blocked AS3549"
207.250.180.0/23,"Blocked AS3549"
207.250.182.0/24,"Blocked AS3549"
207.250.184.0/22,"Blocked AS3549"
207.250.189.0/24,"Blocked AS3549"
207.250.190.0/23,"Blocked AS3549"
207.250.198.0/23,"Blocked AS3549"
207.250.200.0/23,"Blocked AS3549"
207.250.203.0/24,"Blocked AS3549"
207.250.204.0/23,"Blocked AS3549"
207.250.206.0/24,"Blocked AS3549"
207.250.211.0/24,"Blocked AS3549"
207.250.212.0/22,"Blocked AS3549"
207.250.216.0/22,"Blocked AS3549"
207.250.220.0/23,"Blocked AS3549"
207.250.222.0/24,"Blocked AS3549"
207.250.224.0/24,"Blocked AS3549"
207.250.226.0/24,"Blocked AS3549"
207.250.228.0/22,"Blocked AS3549"
207.250.232.0/24,"Blocked AS3549"
207.250.234.0/23,"Blocked AS3549"
207.250.236.0/22,"Blocked AS3549"
207.250.240.0/22,"Blocked AS3549"
207.250.245.0/24,"Blocked AS3549"
207.250.246.0/23,"Blocked AS3549"
207.250.249.0/24,"Blocked AS3549"
207.250.254.0/23,"Blocked AS3549"
208.48.0.0/21,"Blocked AS3549"
208.48.9.0/24,"Blocked AS3549"
208.48.12.0/22,"Blocked AS3549"
208.48.17.0/24,"Blocked AS3549"
208.48.18.0/23,"Blocked AS3549"
208.48.20.0/22,"Blocked AS3549"
208.48.24.0/21,"Blocked AS3549"
208.48.32.0/20,"Blocked AS3549"
208.48.48.0/23,"Blocked AS3549"
208.48.50.0/24,"Blocked AS3549"
208.48.52.0/22,"Blocked AS3549"
208.48.56.0/21,"Blocked AS3549"
208.48.128.0/20,"Blocked AS3549"
208.48.144.0/23,"Blocked AS3549"
208.48.147.0/24,"Blocked AS3549"
208.48.148.0/22,"Blocked AS3549"
208.48.152.0/24,"Blocked AS3549"
208.48.154.0/23,"Blocked AS3549"
208.48.156.0/22,"Blocked AS3549"
208.48.168.0/22,"Blocked AS3549"
208.48.172.0/23,"Blocked AS3549"
208.48.174.0/24,"Blocked AS3549"
208.48.176.0/23,"Blocked AS3549"
208.48.179.0/24,"Blocked AS3549"
208.48.180.0/22,"Blocked AS3549"
208.48.185.0/24,"Blocked AS3549"
208.48.186.0/23,"Blocked AS3549"
208.48.188.0/22,"Blocked AS3549"
208.48.192.0/20,"Blocked AS3549"
208.48.224.0/20,"Blocked AS3549"
208.48.240.0/21,"Blocked AS3549"
208.48.248.0/22,"Blocked AS3549"
208.48.254.0/23,"Blocked AS3549"
208.49.0.0/19,"Blocked AS3549"
208.49.32.0/21,"Blocked AS3549"
208.49.48.0/22,"Blocked AS3549"
208.49.52.0/23,"Blocked AS3549"
208.49.55.0/24,"Blocked AS3549"
208.49.56.0/23,"Blocked AS3549"
208.49.59.0/24,"Blocked AS3549"
208.49.60.0/23,"Blocked AS3549"
208.49.62.0/24,"Blocked AS3549"
208.49.64.0/21,"Blocked AS3549"
208.49.72.0/22,"Blocked AS3549"
208.49.78.0/23,"Blocked AS3549"
208.49.80.0/21,"Blocked AS3549"
208.49.88.0/22,"Blocked AS3549"
208.49.93.0/24,"Blocked AS3549"
208.49.94.0/23,"Blocked AS3549"
208.49.96.0/20,"Blocked AS3549"
208.49.112.0/21,"Blocked AS3549"
208.49.120.0/23,"Blocked AS3549"
208.49.123.0/24,"Blocked AS3549"
208.49.124.0/22,"Blocked AS3549"
208.49.128.0/21,"Blocked AS3549"
208.49.136.0/22,"Blocked AS3549"
208.49.140.0/23,"Blocked AS3549"
208.49.142.0/24,"Blocked AS3549"
208.49.144.0/20,"Blocked AS3549"
208.49.160.0/20,"Blocked AS3549"
208.49.177.0/24,"Blocked AS3549"
208.49.178.0/23,"Blocked AS3549"
208.49.180.0/22,"Blocked AS3549"
208.49.186.0/23,"Blocked AS3549"
208.49.188.0/22,"Blocked AS3549"
208.49.192.0/23,"Blocked AS3549"
208.49.195.0/24,"Blocked AS3549"
208.49.196.0/22,"Blocked AS3549"
208.49.200.0/21,"Blocked AS3549"
208.49.208.0/20,"Blocked AS3549"
208.49.224.0/19,"Blocked AS3549"
208.50.0.0/21,"Blocked AS3549"
208.50.8.0/23,"Blocked AS3549"
208.50.12.0/23,"Blocked AS3549"
208.50.14.0/24,"Blocked AS3549"
208.50.16.0/22,"Blocked AS3549"
208.50.21.0/24,"Blocked AS3549"
208.50.22.0/23,"Blocked AS3549"
208.50.24.0/23,"Blocked AS3549"
208.50.26.0/24,"Blocked AS3549"
208.50.28.0/22,"Blocked AS3549"
208.50.32.0/20,"Blocked AS3549"
208.50.48.0/22,"Blocked AS3549"
208.50.54.0/23,"Blocked AS3549"
208.50.57.0/24,"Blocked AS3549"
208.50.58.0/23,"Blocked AS3549"
208.50.61.0/24,"Blocked AS3549"
208.50.64.0/21,"Blocked AS3549"
208.50.72.0/22,"Blocked AS3549"
208.50.76.0/23,"Blocked AS3549"
208.50.80.0/21,"Blocked AS3549"
208.50.88.0/22,"Blocked AS3549"
208.50.92.0/23,"Blocked AS3549"
208.50.96.0/21,"Blocked AS3549"
208.50.104.0/22,"Blocked AS3549"
208.50.109.0/24,"Blocked AS3549"
208.50.110.0/23,"Blocked AS3549"
208.50.112.0/23,"Blocked AS3549"
208.50.114.0/24,"Blocked AS3549"
208.50.117.0/24,"Blocked AS3549"
208.50.118.0/23,"Blocked AS3549"
208.50.120.0/22,"Blocked AS3549"
208.50.125.0/24,"Blocked AS3549"
208.50.126.0/23,"Blocked AS3549"
208.50.192.0/20,"Blocked AS3549"
208.50.216.0/21,"Blocked AS3549"
208.50.224.0/23,"Blocked AS3549"
208.50.226.0/24,"Blocked AS3549"
208.50.228.0/24,"Blocked AS3549"
208.50.230.0/23,"Blocked AS3549"
208.50.232.0/21,"Blocked AS3549"
208.50.240.0/24,"Blocked AS3549"
208.50.242.0/23,"Blocked AS3549"
208.50.244.0/22,"Blocked AS3549"
208.50.248.0/24,"Blocked AS3549"
208.50.250.0/23,"Blocked AS3549"
208.50.254.0/23,"Blocked AS3549"
208.51.0.0/23,"Blocked AS3549"
208.51.2.0/24,"Blocked AS3549"
208.51.4.0/22,"Blocked AS3549"
208.51.16.0/22,"Blocked AS3549"
208.51.20.0/23,"Blocked AS3549"
208.51.23.0/24,"Blocked AS3549"
208.51.25.0/24,"Blocked AS3549"
208.51.26.0/23,"Blocked AS3549"
208.51.28.0/22,"Blocked AS3549"
208.51.32.0/22,"Blocked AS3549"
208.51.36.0/24,"Blocked AS3549"
208.51.38.0/23,"Blocked AS3549"
208.51.40.0/21,"Blocked AS3549"
208.51.48.0/21,"Blocked AS3549"
208.51.56.0/23,"Blocked AS3549"
208.51.58.0/24,"Blocked AS3549"
208.51.64.0/21,"Blocked AS3549"
208.51.72.0/22,"Blocked AS3549"
208.51.76.0/24,"Blocked AS3549"
208.51.78.0/23,"Blocked AS3549"
208.51.80.0/22,"Blocked AS3549"
208.51.85.0/24,"Blocked AS3549"
208.51.86.0/23,"Blocked AS3549"
208.51.88.0/21,"Blocked AS3549"
208.51.97.0/24,"Blocked AS3549"
208.51.98.0/23,"Blocked AS3549"
208.51.100.0/22,"Blocked AS3549"
208.51.104.0/21,"Blocked AS3549"
208.51.112.0/20,"Blocked AS3549"
208.51.128.0/21,"Blocked AS3549"
208.51.137.0/24,"Blocked AS3549"
208.51.138.0/23,"Blocked AS3549"
208.51.140.0/22,"Blocked AS3549"
208.51.144.0/21,"Blocked AS3549"
208.51.152.0/23,"Blocked AS3549"
208.51.155.0/24,"Blocked AS3549"
208.51.156.0/22,"Blocked AS3549"
208.51.160.0/19,"Blocked AS3549"
208.51.192.0/18,"Blocked AS3549"
208.69.44.0/22,"Blocked AS3549"
208.178.0.0/19,"Blocked AS3549"
208.178.32.0/21,"Blocked AS3549"
208.178.40.0/22,"Blocked AS3549"
208.178.44.0/23,"Blocked AS3549"
208.178.48.0/20,"Blocked AS3549"
208.178.64.0/18,"Blocked AS3549"
208.178.128.0/17,"Blocked AS3549"
209.12.0.0/22,"Blocked AS3549"
209.12.5.0/24,"Blocked AS3549"
209.12.6.0/23,"Blocked AS3549"
209.12.9.0/24,"Blocked AS3549"
209.12.10.0/23,"Blocked AS3549"
209.12.12.0/22,"Blocked AS3549"
209.12.16.0/22,"Blocked AS3549"
209.12.20.0/23,"Blocked AS3549"
209.12.22.0/24,"Blocked AS3549"
209.12.24.0/24,"Blocked AS3549"
209.12.27.0/24,"Blocked AS3549"
209.12.28.0/22,"Blocked AS3549"
209.12.32.0/23,"Blocked AS3549"
209.12.36.0/22,"Blocked AS3549"
209.12.40.0/21,"Blocked AS3549"
209.12.48.0/24,"Blocked AS3549"
209.12.50.0/23,"Blocked AS3549"
209.12.53.0/24,"Blocked AS3549"
209.12.54.0/23,"Blocked AS3549"
209.12.56.0/22,"Blocked AS3549"
209.12.61.0/24,"Blocked AS3549"
209.12.62.0/24,"Blocked AS3549"
209.12.65.0/24,"Blocked AS3549"
209.12.66.0/23,"Blocked AS3549"
209.12.68.0/23,"Blocked AS3549"
209.12.72.0/21,"Blocked AS3549"
209.12.80.0/21,"Blocked AS3549"
209.12.88.0/22,"Blocked AS3549"
209.12.92.0/23,"Blocked AS3549"
209.12.94.0/24,"Blocked AS3549"
209.12.98.0/23,"Blocked AS3549"
209.12.100.0/22,"Blocked AS3549"
209.12.104.0/22,"Blocked AS3549"
209.12.108.0/23,"Blocked AS3549"
209.12.111.0/24,"Blocked AS3549"
209.12.112.0/22,"Blocked AS3549"
209.12.116.0/23,"Blocked AS3549"
209.12.119.0/24,"Blocked AS3549"
209.12.120.0/23,"Blocked AS3549"
209.12.123.0/24,"Blocked AS3549"
209.12.124.0/22,"Blocked AS3549"
209.12.129.0/24,"Blocked AS3549"
209.12.130.0/23,"Blocked AS3549"
209.12.132.0/24,"Blocked AS3549"
209.12.134.0/23,"Blocked AS3549"
209.12.136.0/21,"Blocked AS3549"
209.12.144.0/21,"Blocked AS3549"
209.12.152.0/24,"Blocked AS3549"
209.12.157.0/24,"Blocked AS3549"
209.12.158.0/23,"Blocked AS3549"
209.12.160.0/24,"Blocked AS3549"
209.12.162.0/23,"Blocked AS3549"
209.12.166.0/23,"Blocked AS3549"
209.12.168.0/23,"Blocked AS3549"
209.12.171.0/24,"Blocked AS3549"
209.12.174.0/23,"Blocked AS3549"
209.12.176.0/21,"Blocked AS3549"
209.12.184.0/22,"Blocked AS3549"
209.12.190.0/23,"Blocked AS3549"
209.12.194.0/23,"Blocked AS3549"
209.12.198.0/23,"Blocked AS3549"
209.12.201.0/24,"Blocked AS3549"
209.12.202.0/23,"Blocked AS3549"
209.12.204.0/22,"Blocked AS3549"
209.12.208.0/22,"Blocked AS3549"
209.12.212.0/23,"Blocked AS3549"
209.12.215.0/24,"Blocked AS3549"
209.12.216.0/21,"Blocked AS3549"
209.12.224.0/22,"Blocked AS3549"
209.12.230.0/24,"Blocked AS3549"
209.12.234.0/23,"Blocked AS3549"
209.12.236.0/24,"Blocked AS3549"
209.12.238.0/23,"Blocked AS3549"
209.12.240.0/22,"Blocked AS3549"
209.12.245.0/24,"Blocked AS3549"
209.12.246.0/23,"Blocked AS3549"
209.12.248.0/22,"Blocked AS3549"
209.12.252.0/23,"Blocked AS3549"
209.12.254.0/24,"Blocked AS3549"
209.108.212.0/22,"Blocked AS3549"
209.130.128.0/21,"Blocked AS3549"
209.130.136.0/22,"Blocked AS3549"
209.130.140.0/24,"Blocked AS3549"
209.130.142.0/23,"Blocked AS3549"
209.130.144.0/22,"Blocked AS3549"
209.130.148.0/23,"Blocked AS3549"
209.130.150.0/24,"Blocked AS3549"
209.130.156.0/22,"Blocked AS3549"
209.130.160.0/19,"Blocked AS3549"
209.130.193.0/24,"Blocked AS3549"
209.130.194.0/23,"Blocked AS3549"
209.130.196.0/22,"Blocked AS3549"
209.130.200.0/23,"Blocked AS3549"
209.130.202.0/24,"Blocked AS3549"
209.130.204.0/22,"Blocked AS3549"
209.130.208.0/21,"Blocked AS3549"
209.130.216.0/22,"Blocked AS3549"
209.130.220.0/23,"Blocked AS3549"
209.130.223.0/24,"Blocked AS3549"
209.130.224.0/24,"Blocked AS3549"
209.136.0.0/23,"Blocked AS3549"
209.136.3.0/24,"Blocked AS3549"
209.136.4.0/24,"Blocked AS3549"
209.136.6.0/23,"Blocked AS3549"
209.136.10.0/24,"Blocked AS3549"
209.136.12.0/24,"Blocked AS3549"
209.136.16.0/21,"Blocked AS3549"
209.136.24.0/23,"Blocked AS3549"
209.136.37.0/24,"Blocked AS3549"
209.136.38.0/23,"Blocked AS3549"
209.136.40.0/21,"Blocked AS3549"
209.136.48.0/20,"Blocked AS3549"
209.136.64.0/23,"Blocked AS3549"
209.136.68.0/23,"Blocked AS3549"
209.136.74.0/23,"Blocked AS3549"
209.136.76.0/22,"Blocked AS3549"
209.136.80.0/23,"Blocked AS3549"
209.136.84.0/22,"Blocked AS3549"
209.136.88.0/21,"Blocked AS3549"
209.136.96.0/23,"Blocked AS3549"
209.136.98.0/24,"Blocked AS3549"
209.136.100.0/23,"Blocked AS3549"
209.136.102.0/24,"Blocked AS3549"
209.136.104.0/21,"Blocked AS3549"
209.136.112.0/24,"Blocked AS3549"
209.136.114.0/23,"Blocked AS3549"
209.136.116.0/22,"Blocked AS3549"
209.136.120.0/23,"Blocked AS3549"
209.136.124.0/22,"Blocked AS3549"
209.136.128.0/21,"Blocked AS3549"
209.136.136.0/23,"Blocked AS3549"
209.136.138.0/24,"Blocked AS3549"
209.136.141.0/24,"Blocked AS3549"
209.136.142.0/23,"Blocked AS3549"
209.136.144.0/21,"Blocked AS3549"
209.136.152.0/24,"Blocked AS3549"
209.136.154.0/23,"Blocked AS3549"
209.136.156.0/23,"Blocked AS3549"
209.136.159.0/24,"Blocked AS3549"
209.136.160.0/21,"Blocked AS3549"
209.136.170.0/23,"Blocked AS3549"
209.136.172.0/22,"Blocked AS3549"
209.136.176.0/20,"Blocked AS3549"
209.136.209.0/24,"Blocked AS3549"
209.136.210.0/23,"Blocked AS3549"
209.136.213.0/24,"Blocked AS3549"
209.136.214.0/23,"Blocked AS3549"
209.136.216.0/21,"Blocked AS3549"
209.136.224.0/20,"Blocked AS3549"
209.136.240.0/22,"Blocked AS3549"
209.136.245.0/24,"Blocked AS3549"
209.136.247.0/24,"Blocked AS3549"
209.136.248.0/21,"Blocked AS3549"
209.150.64.0/21,"Blocked AS3549"
209.150.72.0/22,"Blocked AS3549"
209.150.79.0/24,"Blocked AS3549"
209.150.80.0/23,"Blocked AS3549"
209.150.84.0/22,"Blocked AS3549"
209.150.88.0/21,"Blocked AS3549"
209.163.128.0/21,"Blocked AS3549"
209.163.140.0/22,"Blocked AS3549"
209.163.144.0/22,"Blocked AS3549"
209.163.148.0/23,"Blocked AS3549"
209.163.150.0/24,"Blocked AS3549"
209.163.156.0/22,"Blocked AS3549"
209.163.161.0/24,"Blocked AS3549"
209.163.164.0/22,"Blocked AS3549"
209.163.168.0/23,"Blocked AS3549"
209.163.170.0/24,"Blocked AS3549"
209.163.172.0/22,"Blocked AS3549"
209.163.176.0/21,"Blocked AS3549"
209.163.184.0/24,"Blocked AS3549"
209.163.186.0/23,"Blocked AS3549"
209.163.189.0/24,"Blocked AS3549"
209.163.190.0/23,"Blocked AS3549"
209.163.192.0/23,"Blocked AS3549"
209.163.200.0/21,"Blocked AS3549"
209.163.212.0/22,"Blocked AS3549"
209.163.216.0/21,"Blocked AS3549"
209.163.224.0/23,"Blocked AS3549"
209.163.228.0/23,"Blocked AS3549"
209.163.240.0/21,"Blocked AS3549"
209.163.253.0/24,"Blocked AS3549"
209.163.254.0/23,"Blocked AS3549"
209.194.1.0/24,"Blocked AS3549"
209.194.2.0/23,"Blocked AS3549"
209.194.4.0/22,"Blocked AS3549"
209.194.8.0/21,"Blocked AS3549"
209.194.16.0/22,"Blocked AS3549"
209.194.21.0/24,"Blocked AS3549"
209.194.22.0/24,"Blocked AS3549"
209.194.27.0/24,"Blocked AS3549"
209.194.28.0/24,"Blocked AS3549"
209.194.30.0/23,"Blocked AS3549"
209.194.32.0/22,"Blocked AS3549"
209.194.36.0/23,"Blocked AS3549"
209.194.38.0/24,"Blocked AS3549"
209.194.40.0/22,"Blocked AS3549"
209.194.46.0/24,"Blocked AS3549"
209.194.48.0/22,"Blocked AS3549"
209.194.52.0/23,"Blocked AS3549"
209.194.56.0/21,"Blocked AS3549"
209.194.64.0/20,"Blocked AS3549"
209.194.80.0/21,"Blocked AS3549"
209.194.88.0/23,"Blocked AS3549"
209.194.90.0/24,"Blocked AS3549"
209.194.92.0/24,"Blocked AS3549"
209.194.94.0/23,"Blocked AS3549"
209.194.96.0/19,"Blocked AS3549"
209.194.128.0/19,"Blocked AS3549"
209.194.160.0/20,"Blocked AS3549"
209.194.176.0/21,"Blocked AS3549"
209.194.184.0/22,"Blocked AS3549"
209.194.188.0/23,"Blocked AS3549"
209.194.190.0/24,"Blocked AS3549"
209.194.198.0/23,"Blocked AS3549"
209.194.200.0/22,"Blocked AS3549"
209.194.204.0/24,"Blocked AS3549"
209.194.206.0/23,"Blocked AS3549"
209.194.210.0/23,"Blocked AS3549"
209.194.212.0/22,"Blocked AS3549"
209.194.216.0/21,"Blocked AS3549"
209.194.224.0/22,"Blocked AS3549"
209.194.228.0/23,"Blocked AS3549"
209.194.230.0/24,"Blocked AS3549"
209.194.232.0/23,"Blocked AS3549"
209.194.234.0/24,"Blocked AS3549"
209.194.236.0/22,"Blocked AS3549"
209.194.240.0/21,"Blocked AS3549"
209.194.248.0/23,"Blocked AS3549"
209.194.250.0/24,"Blocked AS3549"
209.194.254.0/23,"Blocked AS3549"
209.203.64.0/22,"Blocked AS3549"
209.203.70.0/23,"Blocked AS3549"
209.203.72.0/22,"Blocked AS3549"
209.203.77.0/24,"Blocked AS3549"
209.203.78.0/24,"Blocked AS3549"
209.203.80.0/23,"Blocked AS3549"
209.203.83.0/24,"Blocked AS3549"
209.203.86.0/23,"Blocked AS3549"
209.203.88.0/22,"Blocked AS3549"
209.203.92.0/24,"Blocked AS3549"
209.203.94.0/23,"Blocked AS3549"
209.203.96.0/22,"Blocked AS3549"
209.203.101.0/24,"Blocked AS3549"
209.203.102.0/23,"Blocked AS3549"
209.203.104.0/22,"Blocked AS3549"
209.203.110.0/23,"Blocked AS3549"
209.203.112.0/22,"Blocked AS3549"
209.203.116.0/23,"Blocked AS3549"
209.203.118.0/24,"Blocked AS3549"
209.203.121.0/24,"Blocked AS3549"
209.203.122.0/23,"Blocked AS3549"
209.203.124.0/22,"Blocked AS3549"
209.234.128.0/20,"Blocked AS3549"
209.234.144.0/21,"Blocked AS3549"
209.234.153.0/24,"Blocked AS3549"
209.234.154.0/23,"Blocked AS3549"
209.234.157.0/24,"Blocked AS3549"
209.234.158.0/23,"Blocked AS3549"
209.234.160.0/20,"Blocked AS3549"
209.234.176.0/22,"Blocked AS3549"
209.234.180.0/23,"Blocked AS3549"
209.234.182.0/24,"Blocked AS3549"
209.234.184.0/21,"Blocked AS3549"
209.234.192.0/22,"Blocked AS3549"
209.234.197.0/24,"Blocked AS3549"
209.234.198.0/24,"Blocked AS3549"
209.234.200.0/23,"Blocked AS3549"
209.234.204.0/23,"Blocked AS3549"
209.234.210.0/23,"Blocked AS3549"
209.234.213.0/24,"Blocked AS3549"
209.234.214.0/23,"Blocked AS3549"
209.234.218.0/23,"Blocked AS3549"
209.234.220.0/23,"Blocked AS3549"
209.234.223.0/24,"Blocked AS3549"
216.54.128.0/24,"Blocked AS3549"
216.54.131.0/24,"Blocked AS3549"
216.54.132.0/23,"Blocked AS3549"
216.54.134.0/24,"Blocked AS3549"
216.54.136.0/21,"Blocked AS3549"
216.54.144.0/24,"Blocked AS3549"
216.54.146.0/23,"Blocked AS3549"
216.54.148.0/22,"Blocked AS3549"
216.54.153.0/24,"Blocked AS3549"
216.54.154.0/23,"Blocked AS3549"
216.54.157.0/24,"Blocked AS3549"
216.54.158.0/23,"Blocked AS3549"
216.54.160.0/24,"Blocked AS3549"
216.54.162.0/23,"Blocked AS3549"
216.54.164.0/22,"Blocked AS3549"
216.54.171.0/24,"Blocked AS3549"
216.54.172.0/22,"Blocked AS3549"
216.54.178.0/23,"Blocked AS3549"
216.54.180.0/23,"Blocked AS3549"
216.54.184.0/21,"Blocked AS3549"
216.54.192.0/19,"Blocked AS3549"
216.54.225.0/24,"Blocked AS3549"
216.54.226.0/23,"Blocked AS3549"
216.54.228.0/22,"Blocked AS3549"
216.54.232.0/22,"Blocked AS3549"
216.54.236.0/23,"Blocked AS3549"
216.54.238.0/24,"Blocked AS3549"
216.54.240.0/20,"Blocked AS3549"
216.64.128.0/20,"Blocked AS3549"
216.64.144.0/21,"Blocked AS3549"
216.64.152.0/22,"Blocked AS3549"
216.64.156.0/23,"Blocked AS3549"
216.64.160.0/19,"Blocked AS3549"
216.84.0.0/18,"Blocked AS3549"
216.84.64.0/20,"Blocked AS3549"
216.84.80.0/21,"Blocked AS3549"
216.84.88.0/24,"Blocked AS3549"
216.84.90.0/23,"Blocked AS3549"
216.84.92.0/22,"Blocked AS3549"
216.84.96.0/19,"Blocked AS3549"
216.84.128.0/21,"Blocked AS3549"
216.84.136.0/22,"Blocked AS3549"
216.84.140.0/24,"Blocked AS3549"
216.84.144.0/21,"Blocked AS3549"
216.84.152.0/22,"Blocked AS3549"
216.84.157.0/24,"Blocked AS3549"
216.84.158.0/23,"Blocked AS3549"
216.84.160.0/22,"Blocked AS3549"
216.84.164.0/24,"Blocked AS3549"
216.84.166.0/23,"Blocked AS3549"
216.84.168.0/21,"Blocked AS3549"
216.84.176.0/23,"Blocked AS3549"
216.84.178.0/24,"Blocked AS3549"
216.84.180.0/22,"Blocked AS3549"
216.84.184.0/22,"Blocked AS3549"
216.84.189.0/24,"Blocked AS3549"
216.84.190.0/24,"Blocked AS3549"
216.84.192.0/21,"Blocked AS3549"
216.84.216.0/22,"Blocked AS3549"
216.84.220.0/23,"Blocked AS3549"
216.84.234.0/23,"Blocked AS3549"
216.84.236.0/22,"Blocked AS3549"
216.85.0.0/18,"Blocked AS3549"
216.85.64.0/20,"Blocked AS3549"
216.85.80.0/24,"Blocked AS3549"
216.85.82.0/23,"Blocked AS3549"
216.85.84.0/24,"Blocked AS3549"
216.85.86.0/23,"Blocked AS3549"
216.85.88.0/21,"Blocked AS3549"
216.85.96.0/20,"Blocked AS3549"
216.85.112.0/23,"Blocked AS3549"
216.85.114.0/24,"Blocked AS3549"
216.85.116.0/22,"Blocked AS3549"
216.85.120.0/21,"Blocked AS3549"
216.85.128.0/21,"Blocked AS3549"
216.85.136.0/22,"Blocked AS3549"
216.85.140.0/23,"Blocked AS3549"
216.85.144.0/22,"Blocked AS3549"
216.85.149.0/24,"Blocked AS3549"
216.85.150.0/23,"Blocked AS3549"
216.85.152.0/21,"Blocked AS3549"
216.85.160.0/22,"Blocked AS3549"
216.85.165.0/24,"Blocked AS3549"
216.85.167.0/24,"Blocked AS3549"
216.85.168.0/22,"Blocked AS3549"
216.85.172.0/23,"Blocked AS3549"
216.85.176.0/20,"Blocked AS3549"
216.85.192.0/18,"Blocked AS3549"
216.110.3.0/24,"Blocked AS3549"
216.110.4.0/23,"Blocked AS3549"
216.110.6.0/24,"Blocked AS3549"
216.110.9.0/24,"Blocked AS3549"
216.110.10.0/24,"Blocked AS3549"
216.110.12.0/22,"Blocked AS3549"
216.110.20.0/22,"Blocked AS3549"
216.110.24.0/24,"Blocked AS3549"
216.110.27.0/24,"Blocked AS3549"
216.110.48.0/22,"Blocked AS3549"
216.110.56.0/23,"Blocked AS3549"
216.110.58.0/24,"Blocked AS3549"
216.110.60.0/22,"Blocked AS3549"
216.110.64.0/22,"Blocked AS3549"
216.110.68.0/24,"Blocked AS3549"
216.110.71.0/24,"Blocked AS3549"
216.110.72.0/21,"Blocked AS3549"
216.110.80.0/23,"Blocked AS3549"
216.110.83.0/24,"Blocked AS3549"
216.110.84.0/22,"Blocked AS3549"
216.110.88.0/21,"Blocked AS3549"
216.136.0.0/24,"Blocked AS3549"
216.136.2.0/23,"Blocked AS3549"
216.136.4.0/22,"Blocked AS3549"
216.136.8.0/24,"Blocked AS3549"
216.136.10.0/23,"Blocked AS3549"
216.136.12.0/22,"Blocked AS3549"
216.136.16.0/24,"Blocked AS3549"
216.136.18.0/23,"Blocked AS3549"
216.136.20.0/22,"Blocked AS3549"
216.136.24.0/21,"Blocked AS3549"
216.136.32.0/22,"Blocked AS3549"
216.136.36.0/23,"Blocked AS3549"
216.136.40.0/21,"Blocked AS3549"
216.136.48.0/20,"Blocked AS3549"
216.136.64.0/23,"Blocked AS3549"
216.136.66.0/24,"Blocked AS3549"
216.136.68.0/22,"Blocked AS3549"
216.136.72.0/21,"Blocked AS3549"
216.136.80.0/24,"Blocked AS3549"
216.136.82.0/23,"Blocked AS3549"
216.136.84.0/22,"Blocked AS3549"
216.136.89.0/24,"Blocked AS3549"
216.136.90.0/24,"Blocked AS3549"
216.136.92.0/22,"Blocked AS3549"
216.136.96.0/20,"Blocked AS3549"
216.136.113.0/24,"Blocked AS3549"
216.136.114.0/23,"Blocked AS3549"
216.136.116.0/22,"Blocked AS3549"
216.136.120.0/22,"Blocked AS3549"
216.136.124.0/23,"Blocked AS3549"
216.136.127.0/24,"Blocked AS3549"
216.235.18.0/24,"Blocked AS3549"
216.248.208.0/20,"Blocked AS3549"
216.253.0.0/22,"Blocked AS3549"
216.253.4.0/23,"Blocked AS3549"
216.253.6.0/24,"Blocked AS3549"
216.253.12.0/22,"Blocked AS3549"
216.253.16.0/21,"Blocked AS3549"
216.253.24.0/22,"Blocked AS3549"
216.253.28.0/24,"Blocked AS3549"
216.253.30.0/23,"Blocked AS3549"
216.253.32.0/22,"Blocked AS3549"
216.253.37.0/24,"Blocked AS3549"
216.253.38.0/23,"Blocked AS3549"
216.253.40.0/21,"Blocked AS3549"
216.253.48.0/20,"Blocked AS3549"
216.253.64.0/24,"Blocked AS3549"
216.253.67.0/24,"Blocked AS3549"
216.253.68.0/22,"Blocked AS3549"
216.253.73.0/24,"Blocked AS3549"
216.253.74.0/23,"Blocked AS3549"
216.253.76.0/24,"Blocked AS3549"
216.253.78.0/24,"Blocked AS3549"
216.253.80.0/20,"Blocked AS3549"
216.253.96.0/19,"Blocked AS3549"
216.253.128.0/17,"Blocked AS3549"
217.156.128.0/23,"Blocked AS3549"
217.156.130.0/24,"Blocked AS3549"
217.156.132.0/24,"Blocked AS3549"
217.156.135.0/24,"Blocked AS3549"
217.156.136.0/21,"Blocked AS3549"
217.156.144.0/22,"Blocked AS3549"
217.156.148.0/23,"Blocked AS3549"
217.156.150.0/24,"Blocked AS3549"
217.156.152.0/21,"Blocked AS3549"
217.156.168.0/22,"Blocked AS3549"
217.156.172.0/23,"Blocked AS3549"
217.156.176.0/22,"Blocked AS3549"
217.156.180.0/24,"Blocked AS3549"
217.156.182.0/23,"Blocked AS3549"
217.156.184.0/21,"Blocked AS3549"
217.156.192.0/20,"Blocked AS3549"
217.156.208.0/24,"Blocked AS3549"
217.156.210.0/23,"Blocked AS3549"
217.156.212.0/22,"Blocked AS3549"
217.156.216.0/23,"Blocked AS3549"
217.156.218.0/24,"Blocked AS3549"
217.156.220.0/23,"Blocked AS3549"
217.156.222.0/24,"Blocked AS3549"
217.156.224.0/20,"Blocked AS3549"
217.156.240.0/21,"Blocked AS3549"
217.156.248.0/24,"Blocked AS3549"
217.156.250.0/23,"Blocked AS3549"
217.156.252.0/22,"Blocked AS3549"
2001:450::/35,"Blocked AS3549"
2001:450:2000::/44,"Blocked AS3549"
2001:450:2010::/46,"Blocked AS3549"
2001:450:2014::/48,"Blocked AS3549"
2001:450:2016::/47,"Blocked AS3549"
2001:450:2018::/45,"Blocked AS3549"
2001:450:2020::/43,"Blocked AS3549"
2001:450:2040::/42,"Blocked AS3549"
2001:450:2080::/41,"Blocked AS3549"
2001:450:2100::/40,"Blocked AS3549"
2001:450:2200::/39,"Blocked AS3549"
2001:450:2400::/38,"Blocked AS3549"
2001:450:2800::/37,"Blocked AS3549"
2001:450:3000::/36,"Blocked AS3549"
2001:450:4000::/34,"Blocked AS3549"
2001:450:8000::/33,"Blocked AS3549"
2001:13b0::/33,"Blocked AS3549"
2001:13b0:8000::/44,"Blocked AS3549"
2001:13b0:8010::/47,"Blocked AS3549"
2001:13b0:8013::/48,"Blocked AS3549"
2001:13b0:8014::/46,"Blocked AS3549"
2001:13b0:8019::/48,"Blocked AS3549"
2001:13b0:801a::/48,"Blocked AS3549"
2001:13b0:801c::/46,"Blocked AS3549"
2001:13b0:8020::/43,"Blocked AS3549"
2001:13b0:8040::/42,"Blocked AS3549"
2001:13b0:8080::/41,"Blocked AS3549"
2001:13b0:8100::/40,"Blocked AS3549"
2001:13b0:8200::/39,"Blocked AS3549"
2001:13b0:8400::/38,"Blocked AS3549"
2001:13b0:8800::/37,"Blocked AS3549"
2001:13b0:9000::/36,"Blocked AS3549"
2001:13b0:a000::/35,"Blocked AS3549"
2001:13b0:c000::/36,"Blocked AS3549"
2001:13b0:d000::/47,"Blocked AS3549"
2001:13b0:d003::/48,"Blocked AS3549"
2001:13b0:d004::/46,"Blocked AS3549"
2001:13b0:d008::/45,"Blocked AS3549"
2001:13b0:d010::/44,"Blocked AS3549"
2001:13b0:d020::/43,"Blocked AS3549"
2001:13b0:d040::/42,"Blocked AS3549"
2001:13b0:d080::/41,"Blocked AS3549"
2001:13b0:d100::/40,"Blocked AS3549"
2001:13b0:d200::/39,"Blocked AS3549"
2001:13b0:d400::/38,"Blocked AS3549"
2001:13b0:d800::/37,"Blocked AS3549"
2001:13b0:e000::/35,"Blocked AS3549"
2001:13b1::/47,"Blocked AS3549"
2001:13b1:3::/48,"Blocked AS3549"
2001:13b1:4::/46,"Blocked AS3549"
2001:13b1:8::/45,"Blocked AS3549"
2001:13b1:10::/44,"Blocked AS3549"
2001:13b1:20::/43,"Blocked AS3549"
2001:13b1:40::/42,"Blocked AS3549"
2001:13b1:80::/41,"Blocked AS3549"
2001:13b1:100::/40,"Blocked AS3549"
2001:13b1:200::/39,"Blocked AS3549"
2001:13b1:400::/38,"Blocked AS3549"
2001:13b1:800::/37,"Blocked AS3549"
2001:13b1:1000::/36,"Blocked AS3549"
2001:13b1:2000::/35,"Blocked AS3549"
2001:13b1:4000::/34,"Blocked AS3549"
2001:13b1:8000::/33,"Blocked AS3549"
2001:1900:2007::/48,"Blocked AS3549"
2001:4870::/40,"Blocked AS3549"
2001:4870:100::/42,"Blocked AS3549"
2001:4870:160::/43,"Blocked AS3549"
2001:4870:180::/41,"Blocked AS3549"
2001:4870:200::/39,"Blocked AS3549"
2001:4870:400::/38,"Blocked AS3549"
2001:4870:800::/37,"Blocked AS3549"
2001:4870:1000::/36,"Blocked AS3549"
2001:4870:2000::/35,"Blocked AS3549"
2001:4870:4000::/34,"Blocked AS3549"
2001:4870:8000::/35,"Blocked AS3549"
2001:4870:a000::/39,"Blocked AS3549"
2001:4870:a200::/42,"Blocked AS3549"
2001:4870:a240::/45,"Blocked AS3549"
2001:4870:a248::/47,"Blocked AS3549"
2001:4870:a24b::/48,"Blocked AS3549"
2001:4870:a24c::/47,"Blocked AS3549"
2001:4870:a24e::/48,"Blocked AS3549"
2001:4870:a250::/44,"Blocked AS3549"
2001:4870:a260::/43,"Blocked AS3549"
2001:4870:a280::/41,"Blocked AS3549"
2001:4870:a300::/40,"Blocked AS3549"
2001:4870:a400::/38,"Blocked AS3549"
2001:4870:a800::/37,"Blocked AS3549"
2001:4870:b000::/36,"Blocked AS3549"
2001:4870:c000::/35,"Blocked AS3549"
2001:4870:e000::/45,"Blocked AS3549"
2001:4870:e008::/47,"Blocked AS3549"
2001:4870:e00a::/48,"Blocked AS3549"
2001:4870:e00c::/46,"Blocked AS3549"
2001:4870:e010::/44,"Blocked AS3549"
2001:4870:e020::/43,"Blocked AS3549"
2001:4870:e040::/42,"Blocked AS3549"
2001:4870:e080::/41,"Blocked AS3549"
2001:4870:e100::/40,"Blocked AS3549"
2001:4870:e200::/39,"Blocked AS3549"
2001:4870:e400::/38,"Blocked AS3549"
2001:4870:e800::/37,"Blocked AS3549"
2001:4870:f000::/36,"Blocked AS3549"
2001:4871::/32,"Blocked AS3549"
2620:9f:14::/48,"Blocked AS3549"
2620:cb::/48,"Blocked AS3549"
2620:cb:6::/47,"Blocked AS3549"
2620:11b:e020::/44,"Blocked AS3549"
2620:11b:e080::/44,"Blocked AS3549"
2620:13b:d001::/48,"Blocked AS3549"
2620:13b:d002::/48,"Blocked AS3549"
2801:16:6800::/48,"Blocked AS3549"
2801:134::/43,"Blocked AS3549"
2803:7640:60::/44,"Blocked AS3549"
2803:b2a0::/32,"Blocked AS3549"
2803:cae0:8020::/48,"Blocked AS3549"
2803:d460::/32,"Blocked AS3549"
2803:ee60:20::/44,"Blocked AS3549"
2803:efc0::/48,"Blocked AS3549"
2804:4c0::/33,"Blocked AS3549"
2804:4c0:8000::/34,"Blocked AS3549"
2804:4c0:c000::/35,"Blocked AS3549"
2804:4c0:e000::/36,"Blocked AS3549"
2804:4c0:f000::/37,"Blocked AS3549"
2804:4c0:f800::/38,"Blocked AS3549"
2804:4c0:fc00::/39,"Blocked AS3549"
2804:4c0:fe00::/40,"Blocked AS3549"
2804:4c0:ff00::/41,"Blocked AS3549"
2804:4c0:ff80::/42,"Blocked AS3549"
2804:4c0:ffc0::/43,"Blocked AS3549"
2804:4c0:ffe0::/44,"Blocked AS3549"
2804:4c0:fff0::/45,"Blocked AS3549"
2804:4c0:fff9::/48,"Blocked AS3549"
2804:4c0:fffa::/47,"Blocked AS3549"
2804:4c0:fffc::/46,"Blocked AS3549"
2a04:a802::/32,"Blocked AS3549"
2a05:6744::/48,"Blocked AS3549"
2a06:6540:30c1::/48,"Blocked AS3549"
2a06:6541:30c1::/48,"Blocked AS3549"
2a07:aa00::/47,"Blocked AS3549"
2a07:aa00:3::/48,"Blocked AS3549"
2a07:aa00:5::/48,"Blocked AS3549"
2a07:aa00:6::/48,"Blocked AS3549"
2a07:aa00:8::/45,"Blocked AS3549"
2a07:aa00:10::/44,"Blocked AS3549"
2a07:aa00:20::/43,"Blocked AS3549"
2a07:aa00:40::/42,"Blocked AS3549"
2a07:aa00:81::/48,"Blocked AS3549"
2a07:aa00:82::/47,"Blocked AS3549"
2a07:aa00:85::/48,"Blocked AS3549"
2a07:aa00:86::/47,"Blocked AS3549"
2a07:aa00:88::/47,"Blocked AS3549"
2a07:aa00:8c::/46,"Blocked AS3549"
2a07:aa00:90::/44,"Blocked AS3549"
2a07:aa00:a0::/43,"Blocked AS3549"
2a07:aa00:c0::/42,"Blocked AS3549"
2a07:aa00:100::/40,"Blocked AS3549"
2a07:aa00:200::/39,"Blocked AS3549"
2a07:aa00:400::/38,"Blocked AS3549"
2a07:aa00:800::/37,"Blocked AS3549"
2a07:aa00:1000::/36,"Blocked AS3549"
2a07:aa00:2000::/35,"Blocked AS3549"
2a07:aa00:4000::/34,"Blocked AS3549"
2a07:aa00:8000::/33,"Blocked AS3549"
2a07:aa01::/32,"Blocked AS3549"
2a07:aa02::/31,"Blocked AS3549"
2a07:aa04::/30,"Blocked AS3549"
