103.148.127.0/24,"Blocked AS140101"
